-80330.6
-15778.1
91577.9
6633.11
38375.5
-36896.9
37300
66925
-96342.5
50028.8
37043.9
-59109.6
75623.6
-94522.4
34093.5
-16539.2
11738
-71922.7
-60379.6
-15778.6
91577.9
6633.24
38375.5
-36896.9
37300.3
66925.1
-96342.4
50029.1
37043.9
-59109.6
75623.5
-94522.4
34093.6
-16539
11738
-71922.6
-60379.6
-15778.5
91577.9
6633.09
38375.4
-36896.9
37300.4
66925.2
-96342.2
50028.9
93652.3
-37315.1
38464.4
75277.8
78921.4
-82991
-92188.9
-66034.1
75628.5
37044
-59109.4
75623.6
-94522.5
34093.6
-16538.9
11738
-71922.6
-60380
-15778.5
91578
6633.05
38375.5
-36897
37300.2
66925.1
-96342.4
50028.7
93652.2
-37315.2
38464.5
75277.9
78921.2
-82991.4
-92189.1
-66033.8
75628.5
93652.4
-37315.1
38464.4
75277.8
78921.5
-82991.3
-92189
-66034
75628.5
44064.9
-99977.1
-39533.5
-70648.9
-81532.2
-62748.1
-30887.9
-20646.5
7763.32
37043.9
-59109.5
75623.7
-94522.5
34093.5
-16539.2
11737.9
-71922.5
-60379.5
-15778.5
91577.9
6633.09
38375.4
-36896.9
37300.1
66925.2
-96342.3
50028.9
44064.9
-99977.2
-39533.5
-70648.9
-81532.2
-62748
-30887.7
-20646.5
7763.41
-15778.4
91577.6
6633.17
38375.5
-36897.1
37300.2
66925.1
-96342.3
50028.9
44064.7
-99977.2
-39533.5
-70648.9
-81532.2
-62748.2
-30887.8
-20646.5
7763.35
-15778.5
91578
6633.12
38375.5
-36896.8
37300
66925
-96342.2
50028.7
93652.5
-37315.2
38464.5
75277.8
78921.1
-82991
-92188.9
-66033.9
75628.5
37044
-59109.8
75623.4
-94522.6
34093.4
-16539
11737.9
-71922.5
-60379.6
37043.8
-59109.6
75623.4
-94522.6
34093.4
-16539
11737.7
-71922.6
-60379.8
93652.4
-37315.2
38464.4
75277.7
78921.3
-82991.2
-92189.1
-66033.9
75628.5
37043.9
-59109.3
75623.5
-94522.6
34093.5
-16539.2
11738.1
-71922.6
-60379.7
37044
-59109.6
75623.3
-94522.4
34093.6
-16539
11737.9
-71922.8
-60379.7
93652.2
-37315.2
38464.6
75277.8
78921.4
-82991.2
-92189
-66033.8
75628.7
93652.2
-37315.2
38464.8
75277.7
78921.3
-82991.3
-92189.1
-66034.2
75628.6
44064.9
-99976.9
-39533.4
-70648.8
-81532.3
-62748.1
-30887.8
-20646.5
7763.37
-15778.4
91577.8
6632.78
38375.4
-36896.8
37300.2
66925.2
-96342.4
50028.8
93652.2
-37315
38464.5
75277.8
78921.2
-82991.1
-92189.2
-66033.9
75628.4
44064.9
-99977.2
-39533.4
-70648.7
-81532.3
-62748
-30887.8
-20646.6
7763.44
93652.2
-37315
38464.5
75277.8
78921.3
-82991.1
-92188.9
-66033.9
75628.3
44064.8
-99977.1
-39533.5
-70648.8
-81532.3
-62747.8
-30887.8
-20646.3
7763.46
37044.1
-59109.5
75623.5
-94522.4
34093.7
-16539.1
11737.9
-71922.4
-60379.6
93652.4
-37315.1
38464.4
75277.9
78921.4
-82991.2
-92189.3
-66033.9
75628.7
93652.4
-37315.2
38464.5
75278
78921.4
-82991.1
-92189.1
-66034
75628.4
44064.9
-99977.1
-39533.5
-70648.8
-81532.4
-62748
-30888
-20646.5
7763.32
44064.8
-99977.1
-39533.4
-70648.6
-81532.3
-62747.8
-30887.9
-20646.6
7763.39
93652.4
-37315.1
38464.5
75277.8
78921.4
-82991.3
-92189
-66033.9
75628.6
37043.8
-59109.5
75623.5
-94522.6
34093.6
-16539
11737.8
-71922.6
-60379.7
93652.4
-37315.2
38464.3
75277.7
78921.3
-82991.1
-92189
-66033.9
75628.5
-15778.6
91577.9
6633.06
38375.4
-36896.9
37300.2
66925.1
-96342.5
50028.7
-15778.5
91577.8
6633
38375.3
-36897
37300.2
66925.1
-96342.5
50028.7
37043.8
-59109.4
75623.6
-94522.6
34093.6
-16539
11738
-71922.8
-60379.5
-15778.5
91578
6632.96
38375.4
-36897
37300.2
66925.2
-96342.4
50028.8
44064.9
-99977.1
-39533.6
-70648.9
-81532.3
-62748.1
-30887.8
-20646.4
7763.26
44064.8
-99977
-39533.6
-70648.7
-81532.3
-62747.9
-30888
-20646.4
7763.34
44064.8
-99977.2
-39533.6
-70648.8
-81532.3
-62747.8
-30888
-20646.6
7763.52
44064.9
-99977.1
-39533.4
-70648.6
-81532.3
-62748
-30887.9
-20646.6
7763.26
-15778.5
91578
6633.02
38375.4
-36896.8
37300.1
66925.1
-96342.4
50028.8
37044
-59109.8
75623.4
-94522.5
34093.4
-16539.2
11737.9
-71922.5
-60379.6
37043.9
-59109.7
75623.5
-94522.7
34093.6
-16539
11738
-71922.6
-60379.8
-15778.4
91577.8
6633.04
38375.3
-36896.7
37300.1
66925.1
-96342.6
50028.9
44064.8
-99977.1
-39533.6
-70649.1
-81532.4
-62747.9
-30887.8
-20646.7
7763.29
44065.1
-99977.2
-39533.6
-70648.8
-81532.2
-62748
-30887.6
-20646.4
7763.51
44064.9
-99977
-39533.3
-70648.6
-81532.4
-62748.1
-30887.9
-20646.5
7763.43
37043.7
-59109.6
75623.4
-94522.6
34093.4
-16539
11738
-71922.6
-60379.8
93652.2
-37315.3
38464.6
75277.9
78921.4
-82991
-92189
-66033.9
75628.5
44065
-99977.2
-39533.6
-70648.8
-81532.3
-62747.9
-30887.7
-20646.6
7763.27
93652.1
-37315.1
38464.6
75277.9
78921.3
-82991.3
-92189.1
-66033.7
75628.5
-15778.5
91578
6633.16
38375.4
-36896.9
37300.3
66925.2
-96342.5
50028.9
93652.2
-37315.2
38464.7
75277.8
78921.3
-82991
-92189
-66033.8
75628.5
37044
-59109.7
75623.5
-94522.4
34093.5
-16539
11738
-71922.7
-60379.7
-15778.5
91577.9
6632.99
38375.4
-36896.7
37300.1
66925
-96342.4
50028.8
93652.4
-37315.3
38464.5
75277.7
78921.4
-82991.2
-92189.1
-66033.9
75628.6
37043.9
-59109.6
75623.4
-94522.5
34093.3
-16539.2
11737.9
-71922.7
-60379.6
37044
-59109.4
75623.6
-94522.5
34093.7
-16538.9
11738.1
-71922.7
-60379.6
44064.8
-99977.1
-39533.5
-70648.9
-81532.2
-62747.7
-30887.9
-20646.4
7763.32
44064.8
-99977.1
-39533.4
-70648.8
-81532.3
-62747.9
-30887.8
-20646.4
7763.28
93652.2
-37315
38464.6
75277.8
78921.3
-82991.2
-92189
-66033.9
75628.4
-15778.6
91577.8
6633
38375.5
-36896.9
37300.3
66925.1
-96342.3
50028.9
37044
-59109.6
75623.4
-94522.4
34093.7
-16539
11738
-71922.7
-60379.7
37044
-59109.6
75623.4
-94522.4
34093.6
-16539.1
11738
-71922.5
-60379.5
44064.9
-99977
-39533.4
-70648.9
-81532.3
-62748
-30887.7
-20646.5
7763.49
93652.3
-37315.3
38464.7
75278
78921.2
-82991.3
-92189.2
-66034.1
75628.6
93652.3
-37315
38464.7
75277.8
78921.4
-82991
-92189.1
-66033.9
75628.5
93652.4
-37315.2
38464.5
75277.9
78921.4
-82991.3
-92189.1
-66033.8
75628.6
-15778.3
91577.8
6633.05
38375.5
-36896.9
37300.2
66925.1
-96342.4
50028.9
93652.3
-37315.1
38464.6
75277.7
78921.3
-82991.1
-92189
-66034
75628.6
44064.8
-99977.1
-39533.5
-70648.9
-81532.4
-62747.9
-30887.7
-20646.6
7763.23
44064.9
-99977.1
-39533.6
-70648.9
-81532.2
-62747.9
-30888.1
-20646.6
7763.32
93652.3
-37315.2
38464.6
75277.7
78921.3
-82991.3
-92189.1
-66033.9
75628.4
37043.8
-59109.6
75623.5
-94522.6
34093.4
-16539
11738
-71922.5
-60379.6
-15778.4
91578.1
6632.94
38375.5
-36897
37300.3
66925.1
-96342.4
50028.9
-15778.5
91577.9
6633.03
38375.3
-36896.8
37300.4
66925.3
-96342.3
50028.9
-15778.5
91578.1
6633.19
38375.4
-36896.7
37300.1
66925.1
-96342.4
50028.6
93652.2
-37315.3
38464.8
75277.7
78921.4
-82991
-92189.2
-66034
75628.6
93652.2
-37315.2
38464.4
75277.8
78921.4
-82991.2
-92189.1
-66033.9
75628.5
-15778.3
91577.9
6633.15
38375.5
-36896.9
37300.1
66925.1
-96342.2
50029.1
-15778.7
91578
6632.99
38375.5
-36897
37300
66925
-96342.3
50028.8
44064.9
-99977.1
-39533.6
-70648.8
-81532.3
-62747.9
-30888.1
-20646.5
7763.55
93652.3
-37315.2
38464.4
75277.8
78921.4
-82991.1
-92188.9
-66033.9
75628.5
-15778.5
91577.9
6632.94
38375.4
-36896.9
37300.3
66925.1
-96342.2
50029
-15778.4
91577.9
6633.07
38375.5
-36897
37300.2
66925.2
-96342.5
50028.9
37043.9
-59109.6
75623.6
-94522.4
34093.6
-16539
11738
-71922.6
-60379.6
93652.2
-37315.1
38464.5
75277.8
78921.4
-82991.1
-92189
-66034
75628.4
44064.8
-99977.1
-39533.4
-70648.8
-81532.4
-62748.1
-30887.9
-20646.6
7763.43
93652.4
-37315.1
38464.4
75277.9
78921.4
-82991.1
-92189.1
-66033.8
75628.8
-15778.6
91577.9
6633
38375.5
-36896.9
37300.3
66925.1
-96342.5
50028.8
93652.1
-37315.2
38464.4
75277.8
78921.3
-82991.1
-92189
-66033.9
75628.3
37043.8
-59109.4
75623.6
-94522.5
34093.5
-16538.9
11738.1
-71922.6
-60379.8
37043.9
-59109.8
75623.3
-94522.5
34093.5
-16539
11737.9
-71922.7
-60379.7
-15778.6
91577.8
6632.96
38375.4
-36896.8
37300.1
66925.1
-96342.2
50028.7
-15778.6
91577.9
6633.22
38375.4
-36896.8
37300.1
66925.2
-96342.2
50028.8
-15778.5
91578
6633.09
38375.3
-36896.9
37300.1
66925.1
-96342.2
50029
-15778.5
91578.1
6633.25
38375.4
-36896.9
37300.1
66925.1
-96342.4
50028.8
44064.9
-99977.1
-39533.5
-70649
-81532.2
-62748
-30887.9
-20646.7
7763.45
37043.7
-59109.6
75623.4
-94522.4
34093.5
-16539.1
11737.9
-71922.6
-60379.8
93652.2
-37315.2
38464.3
75278
78921.2
-82991.2
-92189.1
-66033.9
75628.5
-15778.4
91578
6632.96
38375.5
-36897
37300.1
66925.1
-96342.3
50029
93652.4
-37315.2
38464.6
75278
78921.3
-82991.2
-92189
-66033.9
75628.4
93652.2
-37315.1
38464.5
75277.9
78921.2
-82990.9
-92189.2
-66033.9
75628.5
44065
-99977
-39533.4
-70648.8
-81532.3
-62747.9
-30888
-20646.4
7763.43
-15778.4
91577.9
6632.9
38375.5
-36896.9
37300.2
66925.1
-96342.3
50028.9
93652.2
-37315.2
38464.4
75277.8
78921.5
-82991.1
-92189
-66033.9
75628.5
-15778.4
91578
6633.12
38375.5
-36896.9
37300.1
66924.9
-96342.2
50028.8
93652.4
-37315.1
38464.6
75277.9
78921.3
-82991.1
-92189.1
-66034
75628.5
37043.8
-59109.6
75623.5
-94522.6
34093.6
-16539
11738
-71922.8
-60379.8
93652
-37315.1
38464.4
75277.8
78921.4
-82991.5
-92189
-66033.9
75628.6
-15778.5
91578
6633.15
38375.5
-36896.8
37300.3
66925.1
-96342.2
50028.9
93652.4
-37315.1
38464.6
75277.7
78921.5
-82991.1
-92189
-66033.9
75628.4
37043.9
-59109.5
75623.3
-94522.4
34093.6
-16539.2
11737.9
-71922.7
-60379.7
44065
-99977.1
-39533.8
-70648.8
-81532.2
-62748
-30887.9
-20646.4
7763.31
44065
-99977.2
-39533.5
-70648.8
-81532.2
-62747.8
-30887.8
-20646.4
7763.2
44064.8
-99977.1
-39533.5
-70648.8
-81532.5
-62748
-30887.9
-20646.4
7763.18
93652.3
-37315.2
38464.4
75277.8
78921.3
-82991.1
-92188.9
-66033.9
75628.4
93652.2
-37315.3
38464.6
75277.8
78921.2
-82991.1
-92189.1
-66033.9
75628.5
37043.8
-59109.4
75623.7
-94522.5
34093.6
-16539
11738.1
-71922.8
-60379.5
37044
-59109.4
75623.6
-94522.6
34093.6
-16539.2
11738
-71922.5
-60379.7
93652.4
-37315.1
38464.4
75277.8
78921.1
-82991.3
-92189.1
-66034
75628.5
37043.9
-59109.7
75623.5
-94522.6
34093.6
-16538.9
11737.9
-71922.6
-60379.7
37043.9
-59109.6
75623.5
-94522.3
34093.6
-16539
11738.1
-71922.5
-60379.6
93652.3
-37315.3
38464.5
75277.9
78921.2
-82991.2
-92189
-66034
75628.3
37043.9
-59109.6
75623.4
-94522.5
34093.5
-16539
11738.1
-71922.6
-60379.8
44064.9
-99977.3
-39533.5
-70648.9
-81532.2
-62748
-30887.8
-20646.5
7763.33
44065
-99977.1
-39533.5
-70648.7
-81532.1
-62747.9
-30887.8
-20646.4
7763.19
93652.6
-37315.1
38464.6
75277.8
78921.3
-82991.1
-92189.1
-66033.9
75628.7
-15778.5
91577.9
6633.11
38375.5
-36897
37300.2
66925.1
-96342.3
50028.8
44065.1
-99977
-39533.5
-70648.9
-81532.2
-62747.9
-30887.8
-20646.5
7763.33
37043.9
-59109.6
75623.4
-94522.4
34093.5
-16539
11738
-71922.7
-60379.7
-15778.4
91577.8
6633.05
38375.3
-36896.9
37300.2
66925.2
-96342.3
50029
37043.9
-59109.6
75623.6
-94522.3
34093.5
-16539
11737.9
-71922.6
-60379.6
-15778.4
91577.8
6633.11
38375.5
-36897
37300.2
66925.2
-96342.5
50028.9
93652.3
-37315.2
38464.5
75277.8
78921.4
-82991.2
-92189.1
-66034
75628.4
44064.8
-99977.1
-39533.4
-70648.9
-81532.2
-62748.1
-30888
-20646.6
7763.43
44064.9
-99977.2
-39533.6
-70648.7
-81532.4
-62748
-30887.8
-20646.5
7763.34
93652.3
-37315.1
38464.6
75277.8
78921.4
-82991.2
-92189
-66034
75628.5
37044
-59109.6
75623.5
-94522.5
34093.4
-16539
11737.9
-71922.7
-60379.8
44064.8
-99977.2
-39533.4
-70648.9
-81532.2
-62747.9
-30887.9
-20646.5
7763.44
93652.4
-37315.1
38464.7
75277.9
78921.4
-82991.2
-92189.1
-66034
75628.6
37043.9
-59109.6
75623.4
-94522.4
34093.5
-16539
11737.9
-71922.7
-60379.8
-15778.5
91577.9
6632.99
38375.3
-36896.7
37300.2
66925.1
-96342.3
50028.9
93652.3
-37315
38464.4
75278
78921.1
-82991.2
-92189.1
-66034
75628.5
93652.2
-37315.2
38464.6
75278.1
78921.2
-82990.9
-92189
-66034
75628.6
-15778.3
91577.8
6632.99
38375.3
-36896.9
37300.3
66925.3
-96342.3
50028.7
-15778.5
91577.9
6633.23
38375.3
-36896.8
37300.3
66925.1
-96342.4
50028.9
37044
-59109.6
75623.7
-94522.2
34093.3
-16539
11737.9
-71922.6
-60379.8
44065.1
-99977.2
-39533.6
-70648.8
-81532.2
-62747.9
-30887.9
-20646.5
7763.45
93652.3
-37315
38464.5
75277.8
78921.3
-82991.2
-92189.1
-66033.9
75628.4
44064.9
-99977.1
-39533.5
-70648.8
-81532.2
-62747.9
-30887.8
-20646.2
7763.29
-15778.4
91578
6632.93
38375.4
-36896.8
37300.1
66925.1
-96342.4
50028.8
-15778.4
91578
6632.84
38375.5
-36896.7
37300
66925.3
-96342.3
50028.9
37043.8
-59109.6
75623.6
-94522.4
34093.4
-16538.9
11738.1
-71922.6
-60379.7
37043.8
-59109.5
75623.6
-94522.5
34093.5
-16538.9
11738
-71922.7
-60379.9
44065.1
-99977.1
-39533.6
-70648.8
-81532.3
-62747.8
-30887.8
-20646.4
7763.28
93652.1
-37315
38464.4
75277.9
78921.3
-82991.2
-92188.9
-66034.1
75628.5
44064.8
-99977.1
-39533.5
-70648.8
-81532.4
-62747.8
-30887.9
-20646.4
7763.3
93652.1
-37315.2
38464.6
75277.8
78921.3
-82991.1
-92189
-66033.8
75628.5
44065
-99977.2
-39533.5
-70648.9
-81532.3
-62748
-30887.9
-20646.4
7763.52
37043.9
-59109.5
75623.6
-94522.5
34093.6
-16539.2
11738
-71922.7
-60379.8
44064.9
-99977.2
-39533.5
-70648.8
-81532.2
-62747.8
-30887.9
-20646.4
7763.52
44064.8
-99977.2
-39533.4
-70648.7
-81532.4
-62748
-30887.8
-20646.5
7763.44
93652.2
-37315.2
38464.4
75277.9
78921.3
-82991.2
-92188.9
-66033.9
75628.5
-15778.4
91577.8
6633
38375.3
-36896.8
37300.2
66925.2
-96342.3
50028.9
44065
-99977.1
-39533.3
-70648.9
-81532.2
-62747.9
-30887.9
-20646.4
7763.4
37043.8
-59109.4
75623.4
-94522.5
34093.5
-16539.1
11738
-71922.8
-60380
93652.3
-37315.1
38464.5
75278
78921.4
-82991.1
-92189.2
-66034
75628.5
37043.8
-59109.5
75623.5
-94522.5
34093.4
-16539.1
11737.9
-71922.6
-60379.7
93652.4
-37315.2
38464.4
75277.9
78921.1
-82991.1
-92189
-66033.8
75628.5
-15778.5
91577.8
6633.1
38375.5
-36896.7
37300.2
66925
-96342.4
50028.9
44064.8
-99977.1
-39533.6
-70648.9
-81532.2
-62748
-30887.9
-20646.6
7763.26
-15778.4
91578
6633
38375.5
-36896.7
37300.3
66925.1
-96342.4
50028.8
93652.3
-37315.1
38464.5
75278
78921.3
-82991.2
-92189
-66033.9
75628.3
37043.9
-59109.6
75623.5
-94522.5
34093.7
-16538.9
11737.9
-71922.6
-60379.8
37044.1
-59109.8
75623.5
-94522.5
34093.4
-16539.3
11737.8
-71922.7
-60379.6
37043.9
-59109.6
75623.5
-94522.6
34093.5
-16539
11737.9
-71922.6
-60379.6
44065
-99977.1
-39533.5
-70648.9
-81532.2
-62748.1
-30887.7
-20646.4
7763.19
44064.9
-99977.1
-39533.6
-70648.8
-81532.4
-62747.9
-30887.9
-20646.6
7763.12
37043.9
-59109.6
75623.5
-94522.5
34093.6
-16539
11737.9
-71922.6
-60379.8
93652.3
-37315.2
38464.5
75277.7
78921.3
-82991.1
-92189.1
-66033.8
75628.4
37044
-59109.6
75623.7
-94522.5
34093.6
-16538.9
11738
-71922.7
-60379.7
37044
-59109.7
75623.7
-94522.4
34093.5
-16539.3
11737.8
-71922.7
-60379.8
-15778.5
91577.8
6632.99
38375.3
-36896.9
37300.1
66925.2
-96342.5
50028.8
44064.9
-99977
-39533.6
-70648.9
-81532.4
-62747.8
-30887.9
-20646.5
7763.31
37043.8
-59109.4
75623.5
-94522.4
34093.6
-16539.2
11738.1
-71922.7
-60379.8
-15778.4
91578
6633.09
38375.5
-36896.9
37300.2
66925.1
-96342.2
50028.8
-15778.5
91577.9
6633.07
38375.6
-36896.8
37300.1
66925.1
-96342.2
50028.8
93652.4
-37315.2
38464.6
75277.8
78921.3
-82991.1
-92189
-66034.2
75628.3
93652.3
-37315.3
38464.7
75277.7
78921.3
-82991.4
-92189
-66033.8
75628.8
37044.1
-59109.5
75623.4
-94522.5
34093.5
-16539
11737.9
-71922.5
-60379.5
-15778.5
91578
6633.08
38375.5
-36896.9
37300.2
66925.2
-96342.2
50028.8
93652.3
-37315.3
38464.6
75277.8
78921.3
-82991.2
-92189.1
-66033.9
75628.4
93652.1
-37315.1
38464.6
75277.8
78921.2
-82991.1
-92189.1
-66034
75628.7
44065
-99977.1
-39533.5
-70648.9
-81532.4
-62747.9
-30887.9
-20646.4
7763.41
-15778.5
91577.9
6633.03
38375.5
-36896.6
37300.2
66925.1
-96342.1
50028.9
93652.3
-37315.1
38464.6
75277.8
78921.5
-82991.3
-92189
-66033.9
75628.6
93652.3
-37315.3
38464.5
75278
78921.2
-82991.2
-92189
-66033.9
75628.5
-15778.4
91577.9
6632.93
38375.3
-36896.7
37300.3
66925.1
-96342.5
50028.8
37043.9
-59109.5
75623.5
-94522.5
34093.5
-16539.1
11737.9
-71922.6
-60379.8
-15778.6
91578
6633.07
38375.5
-36896.8
37300.2
66925.2
-96342.3
50029
93652.3
-37315.1
38464.5
75278
78921.2
-82991.2
-92189.1
-66034
75628.4
37044
-59109.6
75623.6
-94522.3
34093.4
-16539.1
11738
-71922.7
-60379.8
93652.4
-37315.3
38464.5
75277.9
78921.4
-82991.1
-92189.1
-66033.8
75628.4
-15778.6
91577.8
6632.93
38375.4
-36896.7
37300.3
66925.1
-96342.3
50029
-15778.3
91577.8
6632.85
38375.3
-36897
37300.2
66925.2
-96342.3
50028.8
-15778.3
91578
6632.99
38375.4
-36896.7
37300.2
66925.1
-96342.6
50029.1
37044
-59109.5
75623.6
-94522.4
34093.5
-16539.2
11738
-71922.6
-60379.5
44065.3
-99977.1
-39533.5
-70649
-81532.3
-62748
-30887.8
-20646.5
7763.53
44064.8
-99977.2
-39533.5
-70648.8
-81532.2
-62747.8
-30887.8
-20646.5
7763.37
-15778.5
91577.8
6633.1
38375.4
-36896.7
37300.3
66925.1
-96342.4
50028.7
-15778.3
91577.9
6632.94
38375.4
-36896.9
37300.3
66925.2
-96342.3
50029
-15778.5
91577.7
6633.1
38375.3
-36896.7
37300.1
66925.2
-96342.3
50028.9
93652.2
-37315.2
38464.4
75277.8
78921.3
-82991.1
-92189.1
-66033.8
75628.5
44064.8
-99977.2
-39533.6
-70648.8
-81532.1
-62747.8
-30887.8
-20646.8
7763.39
-15778.6
91577.7
6633.06
38375.4
-36897.1
37300
66925.2
-96342.3
50028.9
-15778.5
91577.8
6633.11
38375.6
-36896.8
37300.3
66925.2
-96342.4
50028.9
-15778.5
91578
6633.24
38375.4
-36896.7
37300.2
66925
-96342.2
50028.8
-15778.6
91577.7
6632.99
38375.4
-36896.8
37300.2
66925.1
-96342.5
50029
44064.9
-99977.2
-39533.5
-70648.7
-81532.2
-62748
-30887.9
-20646.6
7763.52
93652.2
-37315.3
38464.4
75277.8
78921.2
-82991.2
-92189.2
-66034
75628.6
-15778.5
91578
6633.09
38375.4
-36896.8
37300.3
66925.2
-96342.3
50028.9
93652.3
-37315.2
38464.5
75277.8
78921.4
-82991.4
-92189
-66033.9
75628.4
44065
-99977
-39533.6
-70648.8
-81532.4
-62748.1
-30887.8
-20646.6
7763.03
44064.9
-99977.2
-39533.4
-70648.8
-81532.3
-62747.9
-30887.9
-20646.5
7763.46
37044.1
-59109.3
75623.4
-94522.6
34093.5
-16539
11737.7
-71922.6
-60379.6
44064.9
-99977
-39533.5
-70648.9
-81532.3
-62747.9
-30887.8
-20646.5
7763.28
37044
-59109.6
75623.4
-94522.5
34093.5
-16539.1
11738.1
-71922.6
-60379.7
93652.3
-37315.3
38464.5
75277.7
78921.2
-82991.2
-92189
-66033.9
75628.5
-15778.5
91577.8
6632.95
38375.5
-36896.8
37300.1
66925.2
-96342.2
50028.9
-15778.5
91577.8
6633.1
38375.4
-36896.9
37300.1
66925.2
-96342.3
50029
-15778.5
91577.9
6633.12
38375.4
-36896.9
37300.2
66925.2
-96342.3
50029.1
44065
-99977.2
-39533.5
-70648.9
-81532.5
-62747.9
-30887.7
-20646.5
7763.36
-15778.4
91577.9
6632.87
38375.6
-36897
37300
66925.1
-96342.2
50028.9
93652.4
-37315.1
38464.5
75277.9
78921.2
-82991.2
-92188.9
-66034
75628.5
93652.3
-37315.2
38464.5
75277.9
78921.3
-82991.1
-92189
-66033.7
75628.5
37043.7
-59109.5
75623.5
-94522.4
34093.6
-16539.1
11738.1
-71922.4
-60379.5
-15778.5
91577.9
6632.97
38375.3
-36896.8
37300.2
66925.1
-96342.4
50028.9
93652.3
-37315.3
38464.6
75278
78921.4
-82991
-92189.1
-66033.8
75628.5
37044
-59109.6
75623.5
-94522.3
34093.5
-16539
11737.8
-71922.7
-60379.9
37043.8
-59109.6
75623.7
-94522.5
34093.4
-16539
11737.9
-71922.8
-60379.7
93652.2
-37315.1
38464.6
75278
78921.1
-82991.2
-92188.8
-66034
75628.4
44064.9
-99977.1
-39533.4
-70648.9
-81532.3
-62747.9
-30887.9
-20646.5
7763.42
44064.9
-99977.2
-39533.4
-70648.9
-81532.1
-62748
-30887.7
-20646.4
7763.27
-15778.4
91578
6633.17
38375.4
-36896.9
37300.1
66925.2
-96342.4
50028.9
37043.9
-59109.7
75623.5
-94522.4
34093.5
-16539.1
11738
-71922.5
-60379.6
44065
-99977.2
-39533.6
-70648.9
-81532.2
-62747.8
-30888
-20646.7
7763.44
44064.9
-99977
-39533.4
-70648.6
-81532.4
-62747.9
-30887.9
-20646.4
7763.32
93652.3
-37315.1
38464.4
75277.9
78921.2
-82991.1
-92189.1
-66033.9
75628.5
44064.9
-99977.2
-39533.6
-70648.7
-81532.2
-62747.9
-30888
-20646.5
7763.3
93652.3
-37315.1
38464.7
75277.8
78921.3
-82991.1
-92189
-66034.1
75628.5
44065
-99977.2
-39533.3
-70648.7
-81532.4
-62747.9
-30887.8
-20646.6
7763.31
-15778.5
91577.8
6633.02
38375.5
-36896.8
37300
66925
-96342.4
50028.9
93652.1
-37315.1
38464.6
75277.9
78921.5
-82991.2
-92189
-66033.8
75628.5
44064.9
-99977.3
-39533.6
-70648.8
-81532.4
-62747.9
-30888
-20646.6
7763.41
-15778.5
91577.8
6633.02
38375.4
-36897.1
37300.4
66925
-96342.2
50028.9
-15778.6
91578
6633.05
38375.4
-36897.1
37300.3
66925
-96342.4
50029
37043.7
-59109.6
75623.5
-94522.4
34093.5
-16538.9
11737.8
-71922.6
-60379.6
93652.4
-37315.2
38464.5
75277.8
78921.2
-82991.2
-92188.9
-66033.9
75628.4
37043.8
-59109.4
75623.3
-94522.6
34093.6
-16539.1
11738.1
-71922.8
-60379.8
-15778.5
91578
6632.95
38375.6
-36896.8
37300.2
66925
-96342.4
50028.8
44064.9
-99977.1
-39533.4
-70648.7
-81532.2
-62748
-30887.7
-20646.5
7763.3
44065
-99977.1
-39533.5
-70648.8
-81532.4
-62747.9
-30887.7
-20646.4
7763.44
93652.3
-37315.1
38464.4
75277.7
78921.4
-82991.1
-92189.1
-66033.8
75628.5
44064.9
-99977.3
-39533.4
-70648.8
-81532.5
-62748.2
-30887.8
-20646.4
7763.41
44065.1
-99977.1
-39533.5
-70648.9
-81532.3
-62748.1
-30888
-20646.6
7763.17
93652.3
-37315.2
38464.4
75277.8
78921.3
-82991.4
-92188.9
-66034
75628.6
37043.9
-59109.5
75623.3
-94522.3
34093.5
-16539
11737.8
-71922.6
-60379.7
37044
-59109.5
75623.5
-94522.5
34093.6
-16538.9
11738
-71922.6
-60379.7
37043.9
-59109.5
75623.4
-94522.5
34093.6
-16539
11737.9
-71922.7
-60379.7
37043.9
-59109.5
75623.5
-94522.4
34093.5
-16539
11738.1
-71922.6
-60379.7
-15778.5
91578
6633.04
38375.4
-36896.9
37300.2
66925.3
-96342.3
50028.8
93652.3
-37315.3
38464.4
75277.8
78921.2
-82991.2
-92189
-66034
75628.4
44065
-99977.2
-39533.7
-70648.7
-81532.1
-62748.1
-30888
-20646.5
7763.24
44065
-99976.9
-39533.5
-70648.8
-81532.1
-62747.9
-30887.9
-20646.5
7763.29
44065
-99977.2
-39533.4
-70648.8
-81532.2
-62747.9
-30887.7
-20646.6
7763.34
44064.9
-99977
-39533.7
-70649
-81532.2
-62747.8
-30888
-20646.6
7763.41
44064.7
-99977
-39533.4
-70648.7
-81532.3
-62747.9
-30887.9
-20646.4
7763.53
93652.2
-37315.1
38464.6
75277.9
78921.3
-82991.2
-92189.2
-66033.8
75628.6
93652.3
-37315.2
38464.6
75278
78921.3
-82991.1
-92189.1
-66034.1
75628.5
44064.9
-99977.2
-39533.4
-70648.9
-81532.3
-62747.9
-30887.7
-20646.6
7763.43
93652.3
-37315.3
38464.5
75277.9
78921.3
-82991.2
-92189
-66033.9
75628.5
-15778.6
91577.8
6633.16
38375.6
-36896.9
37300.3
66925.1
-96342.4
50028.8
-15778.6
91577.9
6633.05
38375.4
-36896.8
37300.3
66925.2
-96342.4
50028.8
44064.8
-99977.2
-39533.3
-70648.9
-81532.2
-62748.1
-30887.7
-20646.6
7763.09
-15778.3
91577.8
6633.1
38375.4
-36896.8
37300.1
66925.1
-96342.4
50028.9
37044
-59109.5
75623.2
-94522.4
34093.6
-16539
11737.9
-71922.5
-60379.6
93652.5
-37315.1
38464.5
75278
78921.3
-82991
-92188.9
-66033.8
75628.4
44064.9
-99977.1
-39533.4
-70648.9
-81532.4
-62747.8
-30888.1
-20646.8
7763.17
93652.2
-37315
38464.4
75277.9
78921.4
-82991.1
-92189.1
-66033.7
75628.5
44065
-99977.3
-39533.6
-70649
-81532.3
-62748
-30887.9
-20646.5
7763.4
93652.1
-37315.2
38464.5
75278
78921.3
-82991.1
-92189
-66034
75628.6
93652.2
-37315.1
38464.5
75277.9
78921.2
-82991.3
-92189.2
-66033.9
75628.4
93652.5
-37315.2
38464.4
75277.7
78921.4
-82991.2
-92189.1
-66033.9
75628.5
44064.9
-99977.1
-39533.4
-70648.8
-81532.3
-62748
-30887.7
-20646.4
7763.34
44065.1
-99977.2
-39533.5
-70648.9
-81532.3
-62747.9
-30887.8
-20646.4
7763.53
44064.9
-99977.1
-39533.5
-70648.9
-81532.3
-62748.1
-30887.7
-20646.6
7763.39
-15778.4
91578
6632.95
38375.4
-36896.7
37300.2
66925.1
-96342.3
50028.9
37044
-59109.9
75623.5
-94522.7
34093.6
-16539
11737.9
-71922.6
-60379.7
93652.3
-37315.2
38464.6
75277.9
78921.4
-82991.1
-92189.1
-66034.1
75628.6
44065
-99977.1
-39533.5
-70648.9
-81532.4
-62748
-30887.9
-20646.5
7763.26
-15778.6
91578.3
6633.03
38375.3
-36896.9
37300.3
66925
-96342.4
50028.8
44064.8
-99977
-39533.5
-70649
-81532.3
-62748.1
-30887.8
-20646.4
7763.39
44064.8
-99977.2
-39533.6
-70649
-81532.2
-62748
-30887.9
-20646.5
7763.21
37043.8
-59109.6
75623.4
-94522.5
34093.4
-16538.9
11737.9
-71922.6
-60379.5
44064.9
-99977.2
-39533.4
-70649
-81532.2
-62748.1
-30887.7
-20646.5
7763.32
37043.9
-59109.4
75623.4
-94522.4
34093.6
-16539
11738
-71922.6
-60379.6
-15778.4
91577.8
6633.16
38375.6
-36897
37300.1
66925.3
-96342.4
50028.8
37043.8
-59109.4
75623.5
-94522.6
34093.5
-16539.2
11737.9
-71922.6
-60379.6
-15778.5
91578
6633.13
38375.5
-36896.9
37300.1
66925.1
-96342.2
50028.9
37043.9
-59109.5
75623.4
-94522.5
34093.3
-16539.1
11737.9
-71922.5
-60379.8
37044
-59109.5
75623.6
-94522.5
34093.4
-16539.1
11738.1
-71922.6
-60379.6
37043.9
-59109.7
75623.4
-94522.6
34093.5
-16539
11737.8
-71922.8
-60379.5
-15778.5
91577.9
6632.96
38375.6
-36897.1
37300.1
66925.4
-96342.5
50028.9
44065
-99977.1
-39533.4
-70648.8
-81532.4
-62747.9
-30887.9
-20646.6
7763.26
37043.9
-59109.6
75623.4
-94522.3
34093.6
-16539.1
11738
-71922.6
-60379.7
93652.1
-37315.2
38464.6
75277.8
78921.5
-82991.3
-92189.1
-66033.9
75628.5
-15778.6
91577.9
6633.06
38375.5
-36896.9
37300.2
66925.1
-96342.4
50029.1
93652.2
-37315.2
38464.5
75278
78921.4
-82991.2
-92189.2
-66033.8
75628.6
37043.8
-59109.6
75623.4
-94522.6
34093.4
-16539.1
11738.1
-71922.9
-60379.7
-15778.5
91578
6632.91
38375.3
-36896.9
37300.1
66925.2
-96342.3
50029
93652.2
-37315.1
38464.6
75277.9
78921.5
-82991.1
-92189.1
-66034.1
75628.4
93652.3
-37315.2
38464.5
75277.8
78921.2
-82991.1
-92189.1
-66034.2
75628.5
37044
-59109.3
75623.5
-94522.5
34093.6
-16539.2
11737.9
-71922.5
-60379.7
44064.7
-99977.1
-39533.3
-70648.7
-81532.2
-62748
-30887.9
-20646.6
7763.18
44064.9
-99977.1
-39533.5
-70648.8
-81532.2
-62747.9
-30888
-20646.6
7763.6
93652.1
-37315.1
38464.5
75278
78921.4
-82991.1
-92189
-66034
75628.6
44064.9
-99977
-39533.5
-70648.8
-81532.4
-62748
-30888.1
-20646.6
7763.25
-15778.4
91577.9
6633.2
38375.4
-36896.9
37300
66925.1
-96342.3
50028.8
-15778.3
91577.7
6633.02
38375.4
-36896.9
37300.2
66925.1
-96342.3
50028.9
44064.9
-99977.2
-39533.5
-70648.8
-81532.5
-62747.9
-30887.9
-20646.5
7763.38
93652.5
-37315.1
38464.4
75278
78921.4
-82991
-92188.8
-66034
75628.6
37043.9
-59109.5
75623.5
-94522.5
34093.7
-16539
11738
-71922.5
-60379.6
93652.3
-37315.2
38464.4
75277.8
78921.3
-82991.1
-92189.1
-66033.7
75628.3
-15778.4
91578
6633.14
38375.4
-36896.8
37300.2
66925.2
-96342.3
50029
44064.9
-99977
-39533.4
-70648.8
-81532.2
-62747.9
-30887.8
-20646.5
7763.21
37043.9
-59109.6
75623.5
-94522.4
34093.5
-16539
11738.1
-71922.4
-60379.5
93652.4
-37315
38464.5
75277.9
78921.4
-82991
-92189.2
-66034.1
75628.6
44064.9
-99977.1
-39533.6
-70648.8
-81532.1
-62747.9
-30887.8
-20646.6
7763.29
44064.9
-99977.1
-39533.6
-70648.9
-81532.2
-62748
-30888
-20646.5
7763.38
-15778.4
91577.7
6632.82
38375.5
-36896.9
37300.2
66925.2
-96342.2
50028.6
44065
-99977.2
-39533.4
-70648.7
-81532.3
-62748.1
-30887.9
-20646.4
7763.42
-15778.5
91578
6633.11
38375.5
-36897
37300.2
66925
-96342.3
50028.9
44064.9
-99976.9
-39533.5
-70648.8
-81532.3
-62748.2
-30887.8
-20646.5
7763.36
93652.3
-37315.3
38464.4
75277.7
78921.3
-82991.3
-92188.8
-66033.9
75628.5
44065
-99977
-39533.3
-70648.7
-81532.4
-62748
-30887.8
-20646.5
7763.39
-15778.4
91578
6633.02
38375.6
-36896.9
37300.2
66925.1
-96342.5
50028.6
-15778.5
91577.8
6633.07
38375.4
-36896.9
37300
66925.1
-96342.4
50029
44064.8
-99977
-39533.4
-70648.8
-81532.3
-62747.9
-30887.7
-20646.5
7763.37
93652.6
-37315.2
38464.7
75277.5
78921.1
-82991.2
-92189.2
-66033.9
75628.4
44064.8
-99977.1
-39533.3
-70648.8
-81532.2
-62747.9
-30887.9
-20646.6
7763.31
93652.3
-37315.1
38464.3
75277.9
78921.1
-82991.2
-92189
-66034
75628.6
-15778.5
91578.1
6632.97
38375.4
-36896.9
37300.2
66925.1
-96342.2
50028.8
93652.3
-37315.2
38464.5
75278
78921.4
-82990.9
-92189.2
-66033.7
75628.5
44064.8
-99976.9
-39533.4
-70648.8
-81532.3
-62747.9
-30888
-20646.4
7763.31
44065
-99976.9
-39533.3
-70648.7
-81532.1
-62748.1
-30887.7
-20646.5
7763.17
37043.9
-59109.7
75623.5
-94522.5
34093.7
-16539
11737.8
-71922.7
-60379.5
37044
-59109.7
75623.6
-94522.6
34093.4
-16539.2
11738
-71922.7
-60379.8
37044
-59109.4
75623.4
-94522.6
34093.6
-16538.9
11738
-71922.5
-60379.5
93652.2
-37315
38464.4
75277.9
78921.2
-82991.1
-92189.1
-66033.9
75628.5
93652.4
-37315.1
38464.5
75277.9
78921.2
-82991.2
-92189
-66034.2
75628.5
93652.3
-37315.1
38464.3
75277.8
78921.2
-82991.2
-92189
-66034
75628.5
37043.8
-59109.5
75623.3
-94522.5
34093.4
-16539.1
11738
-71922.6
-60379.9
37044.1
-59109.6
75623.6
-94522.5
34093.6
-16539
11738
-71922.6
-60379.5
37044
-59109.6
75623.5
-94522.5
34093.4
-16539.1
11738
-71922.4
-60379.6
-15778.5
91577.9
6632.99
38375.3
-36896.9
37300.2
66925.1
-96342.4
50029
-15778.6
91577.9
6633.24
38375.4
-36896.8
37300
66925.3
-96342.4
50028.8
37044
-59109.6
75623.4
-94522.5
34093.5
-16539
11738.1
-71922.8
-60379.7
-15778.6
91577.9
6633.08
38375.4
-36896.7
37300
66925.1
-96342.3
50028.9
93652.3
-37315.1
38464.6
75277.7
78921.5
-82990.9
-92189.1
-66034
75628.5
-15778.6
91577.9
6633.12
38375.4
-36896.8
37300.3
66925.3
-96342.5
50028.8
37043.9
-59109.8
75623.4
-94522.6
34093.6
-16539
11738
-71922.6
-60379.7
93652.3
-37315.1
38464.4
75277.6
78921.4
-82991.2
-92189.1
-66033.9
75628.5
44065
-99977
-39533.5
-70648.9
-81532.2
-62748
-30887.9
-20646.6
7763.4
93652.4
-37315.2
38464.5
75277.8
78921.2
-82991.3
-92189.1
-66033.9
75628.6
93652.4
-37315.2
38464.6
75277.7
78921.5
-82991.1
-92189
-66033.8
75628.5
93652.5
-37315.1
38464.5
75278
78921.3
-82991.3
-92189
-66033.9
75628.4
37043.8
-59109.5
75623.5
-94522.5
34093.5
-16538.9
11737.9
-71922.5
-60379.6
-15778.5
91577.8
6632.91
38375.5
-36896.9
37300
66925.2
-96342.4
50029
44064.8
-99977.2
-39533.6
-70649
-81532.4
-62748
-30887.8
-20646.4
7763.26
37044
-59109.5
75623.4
-94522.5
34093.5
-16539.2
11738
-71922.8
-60379.7
44064.8
-99977.1
-39533.4
-70648.6
-81532.2
-62748.1
-30888
-20646.4
7763.38
93652.3
-37315
38464.6
75277.9
78921.3
-82991.1
-92189
-66033.9
75628.3
44064.8
-99977.1
-39533.4
-70648.8
-81532.4
-62747.9
-30887.8
-20646.5
7763.24
44065
-99977.1
-39533.6
-70648.8
-81532.2
-62747.9
-30887.8
-20646.5
7763.35
37043.8
-59109.5
75623.6
-94522.6
34093.7
-16539
11738.1
-71922.6
-60379.7
37043.9
-59109.6
75623.4
-94522.4
34093.6
-16539.1
11738
-71922.6
-60379.6
44064.9
-99977
-39533.7
-70648.7
-81532.4
-62748
-30887.8
-20646.5
7763.43
93652.4
-37315.2
38464.5
75277.9
78921.3
-82991.2
-92189
-66033.9
75628.6
-15778.5
91577.9
6632.92
38375.5
-36896.9
37300.2
66925.2
-96342.3
50028.9
44064.7
-99977.1
-39533.4
-70648.7
-81532.2
-62748
-30887.8
-20646.6
7763.54
-15778.5
91578
6633.14
38375.6
-36897
37300.1
66925.2
-96342.3
50028.9
93652.3
-37315.2
38464.5
75277.7
78921.4
-82991
-92189.1
-66034
75628.5
44064.9
-99977
-39533.5
-70649
-81532.2
-62747.8
-30887.8
-20646.4
7763.28
93652.4
-37315.1
38464.6
75277.8
78921.2
-82991.3
-92189.1
-66033.8
75628.6
-15778.2
91578
6633.23
38375.6
-36896.9
37300.4
66925.2
-96342.3
50028.9
37044
-59109.6
75623.2
-94522.4
34093.5
-16538.9
11737.9
-71922.4
-60379.8
44064.8
-99977.1
-39533.4
-70648.8
-81532.3
-62748.1
-30887.9
-20646.6
7763.36
37043.8
-59109.6
75623.5
-94522.4
34093.5
-16539.1
11738
-71922.7
-60379.8
-15778.6
91578.1
6633.08
38375.5
-36897
37300.1
66925.3
-96342.3
50028.9
93652.3
-37315.3
38464.4
75277.8
78921.4
-82991.1
-92189.1
-66033.9
75628.5
93652.4
-37315.2
38464.5
75277.5
78921.3
-82991
-92189.1
-66033.9
75628.5
-15778.6
91577.7
6633.13
38375.5
-36896.8
37300.1
66925.2
-96342.4
50028.9
93652.3
-37315.2
38464.5
75277.8
78921.3
-82991.2
-92189.1
-66034.1
75628.4
-15778.5
91577.9
6633.1
38375.5
-36896.9
37300.3
66925.2
-96342.4
50028.9
44065.1
-99977.2
-39533.6
-70648.8
-81532.4
-62747.9
-30887.8
-20646.6
7763.43
44064.8
-99977.1
-39533.3
-70648.9
-81532.3
-62748
-30887.9
-20646.5
7763.49
37044
-59109.7
75623.6
-94522.5
34093.4
-16539.1
11737.8
-71922.6
-60379.6
-15778.5
91578
6633.25
38375.5
-36896.8
37300.2
66925.3
-96342.4
50028.9
37044.2
-59109.5
75623.6
-94522.3
34093.7
-16539.2
11737.9
-71922.8
-60379.8
44064.9
-99977.1
-39533.4
-70648.8
-81532.3
-62747.9
-30887.8
-20646.5
7763.36
44065
-99977.2
-39533.3
-70648.8
-81532.4
-62748.1
-30887.8
-20646.4
7763.29
37044
-59109.4
75623.4
-94522.4
34093.4
-16539
11738
-71922.8
-60379.6
44064.9
-99977.2
-39533.4
-70648.6
-81532.3
-62747.8
-30887.9
-20646.3
7763.26
-15778.5
91578
6632.97
38375.5
-36896.7
37300.2
66925.1
-96342.4
50028.9
44064.9
-99977.1
-39533.6
-70649
-81532.4
-62747.9
-30887.9
-20646.4
7763.27
44064.9
-99977.3
-39533.4
-70648.7
-81532.2
-62747.7
-30887.8
-20646.5
7763.4
-15778.5
91578
6633.03
38375.4
-36896.8
37300.2
66925.1
-96342.3
50029
44064.9
-99977.2
-39533.4
-70648.8
-81532.3
-62747.8
-30887.7
-20646.4
7763.34
44064.9
-99977.1
-39533.5
-70648.8
-81532.2
-62747.9
-30887.9
-20646.6
7763.34
93652.4
-37315.1
38464.4
75277.8
78921.3
-82991.1
-92188.9
-66034.1
75628.4
93652.1
-37315.3
38464.7
75278.1
78921.4
-82991.1
-92189
-66033.9
75628.5
44065
-99976.9
-39533.5
-70648.7
-81532.5
-62748.1
-30887.8
-20646.5
7763.48
37043.9
-59109.6
75623.7
-94522.6
34093.3
-16539.2
11737.9
-71922.7
-60379.8
37043.9
-59109.4
75623.6
-94522.4
34093.5
-16538.9
11738.1
-71922.4
-60379.6
44064.8
-99976.9
-39533.3
-70648.9
-81532.2
-62747.8
-30887.9
-20646.3
7763.44
37044
-59109.6
75623.3
-94522.4
34093.5
-16539
11738
-71922.8
-60379.4
44064.9
-99977
-39533.6
-70649.1
-81532.3
-62747.9
-30887.8
-20646.6
7763.34
-15778.5
91577.8
6633.11
38375.3
-36897
37300.1
66925.1
-96342.4
50028.8
37043.8
-59109.6
75623.5
-94522.4
34093.5
-16539.1
11737.9
-71922.6
-60379.8
37043.8
-59109.3
75623.6
-94522.6
34093.5
-16539.1
11738
-71922.6
-60379.6
44064.7
-99977.2
-39533.4
-70648.7
-81532.4
-62748
-30888
-20646.4
7763.2
37043.9
-59109.6
75623.6
-94522.4
34093.5
-16539.1
11738.1
-71922.7
-60379.7
93652.3
-37315.1
38464.4
75278.1
78921.6
-82991.2
-92189.1
-66033.9
75628.5
37043.9
-59109.6
75623.4
-94522.5
34093.4
-16539
11737.9
-71922.5
-60379.6
44064.7
-99977.2
-39533.5
-70648.9
-81532.3
-62748
-30887.8
-20646.6
7763.19
37044
-59109.5
75623.6
-94522.3
34093.6
-16539.2
11738.1
-71922.7
-60379.7
44064.9
-99977
-39533.5
-70648.8
-81532.3
-62748.1
-30887.8
-20646.5
7763.48
37043.8
-59109.5
75623.6
-94522.6
34093.5
-16538.8
11738
-71922.6
-60379.8
44065.1
-99977.1
-39533.6
-70648.7
-81532.4
-62747.9
-30887.9
-20646.5
7763.69
37044.1
-59109.6
75623.7
-94522.6
34093.6
-16539
11738.1
-71922.7
-60379.5
44065
-99977.1
-39533.3
-70648.9
-81532.3
-62747.9
-30887.9
-20646.4
7763.28
44064.7
-99977.1
-39533.4
-70648.7
-81532.4
-62748.1
-30887.9
-20646.7
7763.29
37043.8
-59109.5
75623.8
-94522.5
34093.6
-16538.9
11738.1
-71922.4
-60379.9
-15778.3
91577.9
6632.98
38375.5
-36896.8
37300.3
66925
-96342.2
50028.7
37043.7
-59109.5
75623.5
-94522.4
34093.5
-16539.1
11738
-71922.7
-60379.6
-15778.5
91577.8
6633.13
38375.3
-36896.8
37300.1
66925.3
-96342.5
50028.6
37044
-59109.5
75623.5
-94522.6
34093.4
-16539.1
11738
-71922.4
-60379.8
37044.1
-59109.5
75623.4
-94522.5
34093.5
-16539.1
11738
-71922.8
-60379.7
44065.1
-99977.1
-39533.3
-70648.8
-81532.3
-62748
-30887.8
-20646.5
7763.33
-15778.6
91577.9
6633.11
38375.4
-36897.1
37300.1
66925.2
-96342.4
50028.8
37044
-59109.5
75623.5
-94522.5
34093.5
-16539.1
11738
-71922.6
-60379.7
37044
-59109.5
75623.4
-94522.4
34093.6
-16539
11737.8
-71922.6
-60379.8
93652.4
-37315.1
38464.4
75277.8
78921.4
-82991.2
-92188.9
-66034
75628.5
-15778.5
91577.8
6633.13
38375.5
-36896.7
37300.1
66925.1
-96342.2
50028.8
-15778.4
91577.8
6633.18
38375.4
-36896.7
37300.1
66925.2
-96342.3
50028.7
-15778.6
91578
6633.03
38375.5
-36896.8
37300.2
66925.2
-96342.3
50029.1
37043.9
-59109.5
75623.5
-94522.4
34093.6
-16539.1
11738
-71922.8
-60379.6
-15778.4
91578.1
6632.93
38375.5
-36896.8
37300.4
66925.3
-96342.3
50028.9
93652.3
-37315.1
38464.5
75277.8
78921.5
-82991.1
-92189
-66033.9
75628.5
37043.9
-59109.5
75623.3
-94522.4
34093.5
-16539.1
11737.9
-71922.8
-60379.7
-15778.5
91577.9
6633.14
38375.5
-36897
37300.1
66925.2
-96342.4
50028.9
44065
-99977.2
-39533.6
-70648.8
-81532.4
-62748
-30887.8
-20646.4
7763.42
37043.9
-59109.7
75623.5
-94522.6
34093.4
-16539.1
11738.2
-71922.5
-60379.7
-15778.5
91577.9
6633.03
38375.5
-36896.9
37300.1
66925.1
-96342.2
50028.9
-15778.7
91577.8
6632.96
38375.4
-36896.9
37300.2
66925.1
-96342.4
50028.9
-15778.4
91578
6633.12
38375.4
-36896.8
37300.4
66925
-96342.4
50028.8
93652.5
-37315.2
38464.6
75277.8
78921.4
-82991.2
-92189
-66033.9
75628.6
37044.1
-59109.5
75623.6
-94522.6
34093.6
-16539
11738
-71922.6
-60379.4
37044
-59109.6
75623.5
-94522.5
34093.5
-16539
11738
-71922.6
-60379.7
93652.3
-37315.2
38464.5
75277.8
78921.3
-82991.2
-92188.9
-66034
75628.4
-15778.3
91577.8
6632.95
38375.4
-36897
37300.3
66925.3
-96342.4
50028.8
93652.4
-37315.2
38464.5
75277.7
78921.3
-82991.3
-92189
-66033.9
75628.4
-15778.3
91577.9
6633.22
38375.4
-36897
37300.3
66925.1
-96342.3
50028.9
37043.9
-59109.5
75623.5
-94522.7
34093.6
-16539.1
11738
-71922.6
-60379.7
93652.3
-37315.2
38464.6
75277.6
78921.4
-82991.1
-92189
-66034
75628.3
93652.2
-37315
38464.5
75277.9
78921.4
-82991.1
-92189
-66034
75628.7
37043.8
-59109.5
75623.4
-94522.6
34093.5
-16539.1
11738
-71922.5
-60379.8
44064.9
-99977.2
-39533.5
-70648.6
-81532.4
-62747.8
-30887.9
-20646.5
7763.53
-15778.5
91577.9
6633.04
38375.5
-36896.8
37300.1
66925.2
-96342.3
50029
-15778.6
91577.9
6632.99
38375.4
-36896.9
37300.1
66925.1
-96342.4
50028.9
37043.9
-59109.7
75623.5
-94522.3
34093.6
-16539.2
11737.9
-71922.7
-60379.6
37043.9
-59109.6
75623.5
-94522.4
34093.5
-16539.1
11737.9
-71922.5
-60379.6
-15778.5
91577.8
6633.28
38375.3
-36896.9
37300.3
66925.2
-96342.1
50029
93652.2
-37315.1
38464.7
75277.9
78921.4
-82991.1
-92189
-66033.9
75628.6
93652.4
-37315.2
38464.5
75277.8
78921.2
-82991.2
-92189.2
-66033.9
75628.5
37043.9
-59109.4
75623.6
-94522.4
34093.3
-16539.1
11737.9
-71922.6
-60379.8
37043.7
-59109.5
75623.6
-94522.3
34093.5
-16539
11737.8
-71922.7
-60379.7
93652.4
-37315.2
38464.6
75277.8
78921.4
-82991.1
-92189
-66033.9
75628.4
-15778.4
91577.9
6633.04
38375.5
-36897.1
37300.1
66925.1
-96342.4
50028.9
93652.3
-37315.1
38464.5
75277.8
78921.4
-82991
-92189
-66034
75628.5
44064.9
-99977.1
-39533.5
-70648.7
-81532.2
-62748
-30887.7
-20646.6
7763.21
93652.1
-37315.1
38464.6
75277.8
78921.4
-82991
-92189.2
-66033.9
75628.5
93652.3
-37315.1
38464.6
75277.7
78921.4
-82991.1
-92189.2
-66033.9
75628.4
44064.9
-99977.2
-39533.4
-70648.8
-81532.2
-62747.8
-30887.8
-20646.5
7763.28
-15778.5
91577.8
6633.1
38375.4
-36897
37300
66925.1
-96342.3
50028.8
37044.1
-59109.4
75623.4
-94522.5
34093.4
-16539.2
11738
-71922.5
-60379.7
93652.4
-37314.9
38464.5
75277.7
78921.3
-82991.1
-92189
-66033.8
75628.4
44065
-99976.9
-39533.6
-70649
-81532.2
-62747.9
-30887.9
-20646.7
7763.3
44064.9
-99977.1
-39533.5
-70648.8
-81532.3
-62747.8
-30887.9
-20646.6
7763.22
93652.4
-37314.8
38464.5
75277.9
78921.3
-82991.3
-92189.1
-66033.9
75628.6
93652.3
-37315.3
38464.6
75277.8
78921.4
-82991
-92189.1
-66033.8
75628.6
-15778.6
91577.8
6633.04
38375.5
-36896.9
37300.1
66925.2
-96342.3
50028.6
44065
-99977.1
-39533.5
-70648.6
-81532.4
-62748
-30887.9
-20646.8
7763.54
93652.2
-37315.2
38464.5
75277.7
78921.4
-82991.2
-92189.1
-66033.8
75628.5
44064.9
-99977.1
-39533.3
-70648.7
-81532.3
-62747.9
-30887.9
-20646.5
7763.53
-15778.6
91577.9
6633.08
38375.4
-36896.9
37300.2
66925.1
-96342.3
50028.8
44064.9
-99977
-39533.5
-70648.8
-81532.2
-62748.1
-30887.8
-20646.4
7763.44
93652.4
-37315.1
38464.5
75277.6
78921.4
-82991.3
-92189
-66033.9
75628.5
37043.9
-59109.6
75623.5
-94522.5
34093.3
-16539.2
11738
-71922.8
-60379.6
93652.4
-37315.1
38464.4
75277.9
78921.2
-82991.1
-92189.1
-66033.8
75628.5
93652.3
-37315.2
38464.5
75277.8
78921.3
-82991.3
-92189.1
-66033.7
75628.4
-15778.5
91578
6632.99
38375.6
-36897
37300.2
66925.1
-96342.4
50028.8
44064.9
-99977
-39533.5
-70648.8
-81532.4
-62748.1
-30887.8
-20646.5
7763.32
-15778.6
91577.9
6633.01
38375.4
-36896.9
37300.3
66925.1
-96342.3
50028.9
37043.9
-59109.7
75623.5
-94522.6
34093.5
-16539.1
11738
-71922.6
-60379.9
44065
-99977
-39533.5
-70648.8
-81532.1
-62747.8
-30887.9
-20646.5
7763.39
93652.5
-37315.2
38464.5
75277.9
78921.3
-82991.2
-92189.2
-66033.9
75628.6
93652.5
-37315.2
38464.4
75277.9
78921.4
-82991.2
-92189.1
-66033.8
75628.6
44064.9
-99977
-39533.6
-70648.8
-81532.5
-62748
-30887.9
-20646.5
7763.52
44065
-99977.2
-39533.4
-70648.8
-81532.3
-62748.2
-30887.8
-20646.6
7763.35
93652.4
-37315.1
38464.5
75278
78921.2
-82991.2
-92189
-66033.9
75628.4
93652.4
-37315.2
38464.6
75277.8
78921.5
-82991.2
-92189
-66033.9
75628.5
-15778.6
91577.9
6633.07
38375.6
-36896.9
37300.2
66925.2
-96342.4
50029.1
-15778.4
91577.9
6633.21
38375.4
-36896.9
37300.1
66925.2
-96342.3
50028.9
37044.1
-59109.5
75623.6
-94522.4
34093.5
-16538.9
11737.9
-71922.6
-60379.9
37043.9
-59109.6
75623.6
-94522.4
34093.6
-16539
11738.2
-71922.4
-60379.8
93652.4
-37315.2
38464.4
75277.9
78921.3
-82991.2
-92189.1
-66033.9
75628.6
93652.3
-37315.3
38464.5
75277.8
78921.4
-82991.1
-92189
-66033.9
75628.6
37043.9
-59109.6
75623.4
-94522.6
34093.5
-16539
11738
-71922.6
-60379.6
44064.9
-99977.1
-39533.6
-70648.9
-81532.3
-62748
-30887.8
-20646.5
7763.42
-15778.6
91577.9
6632.99
38375.4
-36897
37300.2
66925.1
-96342.3
50028.8
-15778.6
91577.8
6633.11
38375.7
-36896.8
37300.3
66925.1
-96342.3
50029.1
44065
-99977.1
-39533.4
-70648.9
-81532.1
-62748.1
-30887.8
-20646.6
7763.29
93652.2
-37315.2
38464.5
75277.8
78921.3
-82991.3
-92189
-66033.9
75628.5
37043.9
-59109.6
75623.6
-94522.4
34093.7
-16539.1
11738.2
-71922.6
-60379.6
44064.9
-99977.1
-39533.5
-70648.8
-81532.4
-62747.9
-30887.8
-20646.5
7763.43
44065
-99977
-39533.5
-70648.8
-81532.4
-62748
-30887.9
-20646.5
7763.42
93652.3
-37315.1
38464.6
75277.9
78921.2
-82991.2
-92189
-66033.8
75628.4
-15778.4
91577.8
6633.05
38375.3
-36896.9
37300.3
66925.2
-96342.2
50028.9
-15778.4
91578
6633.08
38375.5
-36897
37300.2
66925.1
-96342.3
50028.8
93652.2
-37315.1
38464.7
75277.8
78921.3
-82991.2
-92189.1
-66033.9
75628.5
44064.9
-99977.4
-39533.5
-70648.8
-81532.3
-62747.9
-30888
-20646.5
7763.34
-15778.4
91577.8
6633.26
38375.4
-36896.9
37300.3
66925.1
-96342.5
50028.9
44064.7
-99977.4
-39533.6
-70648.8
-81532.3
-62748
-30888
-20646.6
7763.24
-15778.4
91577.9
6632.94
38375.3
-36896.8
37300.5
66925.1
-96342.5
50028.8
-15778.5
91577.8
6633.02
38375.6
-36896.9
37300
66925
-96342.3
50028.8
93652.4
-37315.2
38464.4
75277.9
78921.2
-82991.1
-92189
-66033.9
75628.7
93652.4
-37315.3
38464.5
75277.9
78921.2
-82991.2
-92189.2
-66033.9
75628.5
93652.1
-37315.1
38464.7
75277.9
78921.3
-82991.2
-92189.1
-66034
75628.5
-15778.5
91578.1
6633.03
38375.3
-36896.8
37300.2
66925.1
-96342.5
50029
93652.3
-37315.1
38464.5
75277.7
78921.4
-82991.2
-92189.1
-66033.9
75628.7
93652.2
-37315.1
38464.6
75278
78921.1
-82991.3
-92189.2
-66034
75628.5
37044
-59109.4
75623.5
-94522.3
34093.5
-16538.9
11738
-71922.5
-60379.6
44064.8
-99977.1
-39533.5
-70648.7
-81532.4
-62747.9
-30887.8
-20646.5
7763.28
44064.9
-99977.2
-39533.4
-70648.9
-81532.2
-62748.1
-30887.8
-20646.5
7763.43
-15778.5
91577.8
6632.87
38375.4
-36896.7
37300.1
66925.2
-96342.2
50028.9
-15778.4
91578
6633
38375.4
-36896.7
37300.4
66925.2
-96342.3
50028.8
-15778.3
91578
6633.02
38375.3
-36896.8
37300.1
66925.1
-96342.3
50029
93652.3
-37315.3
38464.6
75277.8
78921.4
-82991.3
-92189.1
-66033.8
75628.6
44065
-99977.3
-39533.6
-70648.9
-81532.3
-62747.8
-30887.8
-20646.3
7763.47
37043.8
-59109.6
75623.4
-94522.5
34093.4
-16539.2
11738.1
-71922.4
-60379.5
44064.7
-99977.2
-39533.6
-70648.7
-81532.3
-62747.9
-30887.7
-20646.6
7763.29
44065.3
-99977
-39533.6
-70648.9
-81532.2
-62748
-30887.7
-20646.3
7763.35
-15778.5
91577.9
6632.97
38375.4
-36897
37300.1
66925
-96342.3
50029
93652.3
-37315.2
38464.6
75277.9
78921.2
-82991.2
-92188.9
-66033.9
75628.6
37043.9
-59109.5
75623.4
-94522.4
34093.7
-16539.1
11738
-71922.6
-60379.8
37044
-59109.5
75623.5
-94522.3
34093.5
-16539
11737.9
-71922.6
-60379.7
-15778.4
91577.9
6633.22
38375.5
-36897
37300.3
66925.2
-96342.2
50028.8
44064.8
-99977.1
-39533.6
-70648.7
-81532.2
-62748
-30887.9
-20646.4
7763.54
-15778.5
91577.9
6633.05
38375.5
-36896.9
37300.2
66925.2
-96342.2
50028.8
-15778.5
91577.8
6632.98
38375.3
-36896.9
37300.3
66925.1
-96342.4
50028.8
93652.3
-37315.2
38464.6
75277.7
78921.3
-82991.3
-92189.1
-66033.9
75628.3
37043.7
-59109.6
75623.5
-94522.6
34093.5
-16539
11737.9
-71922.6
-60379.8
93652.3
-37315
38464.4
75277.9
78921.3
-82991.3
-92189
-66033.9
75628.3
93652.5
-37315.2
38464.5
75277.6
78921.5
-82991.2
-92189.1
-66033.9
75628.4
37043.9
-59109.5
75623.4
-94522.4
34093.4
-16539.2
11738.2
-71922.6
-60379.6
37043.8
-59109.6
75623.6
-94522.4
34093.7
-16539.1
11738.1
-71922.6
-60379.7
-15778.3
91577.9
6633.16
38375.4
-36896.8
37300.2
66925.2
-96342.4
50028.7
-15778.5
91578
6633.18
38375.3
-36896.9
37300.3
66925.2
-96342.4
50029.1
44064.8
-99977
-39533.5
-70649.1
-81532.1
-62747.9
-30887.7
-20646.5
7763.12
-15778.3
91578.1
6632.9
38375.5
-36896.9
37300
66925.2
-96342.2
50028.7
44065
-99977.2
-39533.6
-70648.8
-81532.2
-62748
-30887.8
-20646.5
7763.35
44064.8
-99977
-39533.6
-70648.8
-81532.3
-62747.9
-30887.8
-20646.7
7763.33
44064.9
-99976.9
-39533.4
-70648.7
-81532.2
-62747.9
-30888
-20646.6
7763.32
-15778.4
91578
6633.06
38375.4
-36896.9
37300.1
66925.2
-96342.4
50028.7
93652.3
-37315.3
38464.6
75277.8
78921.2
-82991.1
-92189.2
-66034
75628.4
-15778.4
91578
6633.03
38375.4
-36896.9
37300
66925.1
-96342.4
50028.9
-15778.4
91578.1
6633.12
38375.3
-36896.8
37300.3
66925.2
-96342.2
50028.8
37043.8
-59109.4
75623.5
-94522.4
34093.5
-16539
11738
-71922.6
-60379.6
-15778.3
91577.9
6633.14
38375.2
-36897
37300.2
66925.1
-96342.5
50028.8
93652.4
-37315.1
38464.7
75277.8
78921.3
-82991.2
-92189.1
-66033.8
75628.4
37044.1
-59109.5
75623.4
-94522.3
34093.5
-16539.1
11738.2
-71922.7
-60379.6
93652.2
-37315.4
38464.6
75277.9
78921.2
-82991.2
-92189
-66033.9
75628.6
-15778.6
91578
6633.09
38375.4
-36896.9
37300.1
66925.2
-96342.4
50028.8
-15778.4
91577.8
6633.01
38375.5
-36897
37300.1
66925.2
-96342.2
50028.8
-15778.5
91577.9
6633.21
38375.6
-36896.9
37300
66925.2
-96342.4
50029
37043.9
-59109.5
75623.2
-94522.4
34093.3
-16539
11738
-71922.6
-60379.8
44065
-99977
-39533.4
-70648.9
-81532.2
-62747.9
-30887.9
-20646.5
7763.46
44065.1
-99977
-39533.4
-70648.8
-81532.3
-62748.1
-30887.8
-20646.5
7763.21
-15778.6
91577.8
6633.04
38375.4
-36896.8
37300.1
66925.1
-96342.4
50028.7
-15778.5
91578
6633.06
38375.3
-36897
37300.2
66925
-96342.3
50028.9
44064.9
-99977.4
-39533.5
-70648.8
-81532.3
-62748
-30888.1
-20646.5
7763.31
-15778.3
91578
6633.18
38375.3
-36896.9
37300.3
66925.1
-96342.5
50029
37043.9
-59109.6
75623.4
-94522.5
34093.4
-16538.9
11738
-71922.7
-60379.7
37043.9
-59109.6
75623.5
-94522.6
34093.6
-16539.1
11738.2
-71922.7
-60379.7
44064.8
-99976.9
-39533.5
-70648.6
-81532.3
-62747.8
-30887.7
-20646.6
7763.38
37043.8
-59109.5
75623.4
-94522.3
34093.5
-16539.1
11738
-71922.5
-60379.9
37044
-59109.6
75623.5
-94522.5
34093.6
-16539.2
11738
-71922.6
-60379.9
37043.8
-59109.5
75623.6
-94522.4
34093.5
-16538.9
11738.1
-71922.6
-60379.6
37043.8
-59109.4
75623.4
-94522.5
34093.6
-16539.2
11738
-71922.5
-60379.7
-15778.6
91577.9
6633.02
38375.6
-36896.8
37300.3
66925
-96342.3
50028.8
93652.2
-37315
38464.5
75277.8
78921.1
-82991.1
-92189
-66033.9
75628.4
-15778.4
91577.9
6633.19
38375.3
-36896.9
37300.3
66925.1
-96342.4
50028.9
93652.3
-37315
38464.5
75277.8
78921.1
-82991.2
-92189.2
-66033.9
75628.3
93652.1
-37315.2
38464.5
75277.9
78921.2
-82991.3
-92189.1
-66033.9
75628.6
44064.9
-99977
-39533.5
-70648.6
-81532.5
-62748
-30887.8
-20646.3
7763.32
44064.9
-99977
-39533.5
-70648.8
-81532.3
-62748.1
-30887.9
-20646.5
7763.36
37043.9
-59109.5
75623.5
-94522.6
34093.5
-16539
11737.9
-71922.5
-60379.6
37043.8
-59109.6
75623.6
-94522.4
34093.3
-16539.1
11737.7
-71922.6
-60379.7
37043.8
-59109.6
75623.4
-94522.5
34093.6
-16539.1
11737.9
-71922.6
-60379.7
44064.9
-99977.1
-39533.5
-70648.8
-81532.3
-62747.9
-30888
-20646.3
7763.49
37044.1
-59109.6
75623.5
-94522.5
34093.5
-16539.1
11738.1
-71922.8
-60379.7
37044
-59109.6
75623.5
-94522.5
34093.5
-16539.2
11738
-71922.6
-60379.6
-15778.6
91578.3
6633.15
38375.5
-36897
37300.2
66925.1
-96342.5
50028.9
93652.3
-37315.1
38464.6
75277.9
78921.1
-82991.1
-92189.1
-66033.7
75628.7
37044
-59109.5
75623.3
-94522.6
34093.5
-16539.1
11738
-71922.6
-60379.7
93652.5
-37315.1
38464.5
75277.8
78921.4
-82991.1
-92189
-66034.2
75628.6
37043.9
-59109.6
75623.6
-94522.6
34093.4
-16539
11737.9
-71922.6
-60379.7
37043.9
-59109.4
75623.6
-94522.5
34093.5
-16539
11738
-71922.6
-60379.8
-15778.5
91577.8
6633.02
38375.6
-36896.9
37300.1
66925.2
-96342.2
50029
93652.3
-37315.3
38464.7
75277.9
78921.4
-82991.3
-92188.9
-66033.9
75628.7
37043.8
-59109.6
75623.5
-94522.5
34093.4
-16539.1
11737.9
-71922.5
-60379.8
44064.9
-99977.4
-39533.5
-70648.9
-81532.1
-62748
-30887.7
-20646.8
7763.43
44064.8
-99977.2
-39533.4
-70648.8
-81532.1
-62747.9
-30888
-20646.6
7763.46
93652.3
-37315.3
38464.4
75277.9
78921.1
-82991.3
-92189
-66034
75628.4
44064.8
-99977.2
-39533.4
-70648.9
-81532.3
-62748
-30888
-20646.4
7763.41
44064.8
-99977.1
-39533.7
-70648.9
-81532.3
-62748.1
-30887.8
-20646.6
7763.32
44064.8
-99977.1
-39533.6
-70648.7
-81532.3
-62748
-30887.9
-20646.4
7763.42
44064.8
-99977
-39533.4
-70648.7
-81532.3
-62748
-30888
-20646.7
7763.34
44064.8
-99977.2
-39533.5
-70648.9
-81532.3
-62748
-30887.8
-20646.6
7763.31
-15778.6
91577.9
6633.01
38375.5
-36896.8
37300.2
66925.2
-96342.4
50028.8
44064.8
-99977.2
-39533.6
-70649
-81532.1
-62748
-30887.7
-20646.6
7763.48
-15778.4
91578
6633.04
38375.5
-36897
37299.9
66925
-96342.5
50029.1
44064.9
-99977.2
-39533.3
-70648.8
-81532.4
-62747.9
-30887.9
-20646.8
7763.4
37044
-59109.6
75623.3
-94522.6
34093.6
-16539.2
11738
-71922.8
-60379.6
-15778.6
91577.9
6633.07
38375.2
-36897.1
37300.2
66925.2
-96342.4
50028.8
37043.8
-59109.7
75623.5
-94522.6
34093.5
-16539.1
11738
-71922.7
-60379.7
93652.2
-37315.1
38464.5
75277.7
78921.2
-82991.1
-92189.1
-66033.9
75628.5
-15778.5
91578
6633.19
38375.4
-36897
37300.1
66925.2
-96342.2
50028.9
44064.8
-99977.2
-39533.4
-70648.8
-81532.4
-62747.9
-30887.8
-20646.5
7763.41
93652.3
-37315.2
38464.5
75277.8
78921.3
-82991.2
-92189
-66033.9
75628.4
-15778.3
91577.8
6633.12
38375.4
-36896.8
37300.1
66924.9
-96342.2
50029
37044
-59109.5
75623.4
-94522.5
34093.4
-16539
11737.9
-71922.6
-60379.6
37043.8
-59109.4
75623.6
-94522.4
34093.6
-16539.1
11737.9
-71922.5
-60379.7
37043.8
-59109.5
75623.4
-94522.4
34093.7
-16539
11737.8
-71922.6
-60379.7
44064.9
-99977
-39533.6
-70648.7
-81532.1
-62748
-30887.8
-20646.5
7763.4
37043.9
-59109.5
75623.4
-94522.5
34093.7
-16538.9
11737.9
-71922.5
-60379.7
-15778.4
91577.9
6633.13
38375.3
-36896.9
37300.3
66925
-96342.4
50029
37043.8
-59109.7
75623.5
-94522.3
34093.5
-16538.9
11738
-71922.5
-60379.7
37043.9
-59109.5
75623.5
-94522.6
34093.5
-16539
11737.8
-71922.7
-60379.6
-15778.3
91578
6633.11
38375.2
-36896.9
37300.1
66925
-96342.1
50028.8
-15778.4
91577.9
6633
38375.3
-36896.9
37300.3
66925.2
-96342.3
50028.9
-15778.5
91578
6632.98
38375.5
-36896.9
37300.3
66925.1
-96342.5
50028.9
37044
-59109.4
75623.5
-94522.5
34093.4
-16539
11737.8
-71922.6
-60379.6
-15778.6
91578
6633.06
38375.3
-36897
37300.3
66925
-96342.5
50028.8
-15778.5
91578
6633.1
38375.4
-36896.9
37300
66925.1
-96342.6
50028.9
44064.9
-99977
-39533.5
-70648.8
-81532.3
-62748
-30887.9
-20646.5
7763.63
93652.3
-37315.2
38464.5
75277.8
78921.2
-82991.1
-92189
-66033.7
75628.4
44064.9
-99977
-39533.6
-70648.7
-81532.3
-62748
-30888
-20646.5
7763.16
37043.7
-59109.5
75623.5
-94522.5
34093.6
-16539
11738.1
-71922.4
-60379.7
37043.8
-59109.6
75623.4
-94522.6
34093.4
-16538.8
11738.1
-71922.7
-60379.7
-15778.5
91577.9
6633.08
38375.4
-36896.8
37300.2
66925.2
-96342.3
50029
93652.3
-37315.2
38464.5
75278.1
78921.2
-82991.2
-92189.1
-66033.8
75628.5
44064.9
-99977
-39533.7
-70648.9
-81532.3
-62748.1
-30887.9
-20646.7
7763.37
93652.1
-37315.1
38464.5
75277.9
78921.2
-82991.1
-92188.9
-66034
75628.5
37043.7
-59109.5
75623.7
-94522.5
34093.4
-16538.9
11738.2
-71922.6
-60379.6
-15778.4
91577.9
6633.32
38375.4
-36896.9
37300.1
66925
-96342.3
50028.7
93652.2
-37315.2
38464.6
75277.6
78921.4
-82991.2
-92189
-66034
75628.4
44064.9
-99977
-39533.6
-70648.7
-81532.2
-62748.1
-30887.8
-20646.7
7763.44
93652.3
-37315.1
38464.5
75278.1
78921.2
-82991.2
-92189.1
-66033.7
75628.4
37043.9
-59109.6
75623.4
-94522.5
34093.4
-16538.9
11737.8
-71922.4
-60379.7
93652.2
-37315.2
38464.4
75277.8
78921.4
-82991
-92189.2
-66033.9
75628.5
37043.9
-59109.6
75623.4
-94522.7
34093.3
-16539
11738
-71922.6
-60379.7
93652.4
-37315.2
38464.5
75278
78921.3
-82991.1
-92189
-66033.9
75628.5
-15778.7
91577.8
6633.18
38375.4
-36897
37300.1
66925.3
-96342.4
50028.9
37043.8
-59109.5
75623.6
-94522.4
34093.6
-16539
11738.1
-71922.6
-60379.6
37044
-59109.5
75623.4
-94522.4
34093.5
-16539.1
11737.9
-71922.5
-60379.7
44064.9
-99977.1
-39533.3
-70648.8
-81532.3
-62747.9
-30888
-20646.5
7763.51
-15778.5
91577.8
6633.07
38375.4
-36897.1
37300.3
66925.2
-96342.4
50028.9
93652.2
-37315.2
38464.7
75277.7
78921.3
-82991.1
-92189.2
-66033.9
75628.5
44065
-99977.1
-39533.3
-70649
-81532.2
-62748
-30888
-20646.6
7763.29
-15778.4
91577.7
6632.96
38375.5
-36896.9
37300
66925.2
-96342.4
50029
37043.9
-59109.5
75623.6
-94522.5
34093.3
-16539.1
11738
-71922.5
-60379.8
37044
-59109.6
75623.4
-94522.3
34093.5
-16539.1
11737.8
-71922.7
-60379.6
37043.9
-59109.5
75623.5
-94522.5
34093.6
-16539.1
11737.8
-71922.6
-60380
44064.8
-99977
-39533.7
-70648.8
-81532.3
-62748
-30888
-20646.7
7763.28
93652.1
-37315.2
38464.5
75277.8
78921.3
-82991.1
-92189.1
-66033.8
75628.6
-15778.5
91577.9
6632.98
38375.5
-36896.9
37300.3
66924.9
-96342.4
50028.8
44064.9
-99977.1
-39533.4
-70649
-81532.3
-62748
-30887.9
-20646.6
7763.22
44064.9
-99977.2
-39533.5
-70648.7
-81532.3
-62748
-30887.9
-20646.6
7763.35
37044
-59109.5
75623.4
-94522.5
34093.6
-16539.1
11738
-71922.8
-60379.7
-15778.4
91577.9
6633.03
38375.3
-36896.7
37300.1
66925
-96342.4
50028.7
-15778.5
91577.8
6632.95
38375.2
-36896.8
37300.1
66925.1
-96342.4
50028.8
93652.3
-37315.2
38464.4
75277.6
78921.3
-82991.1
-92189.1
-66034
75628.5
93652.4
-37315.1
38464.5
75277.8
78921.4
-82990.9
-92189.2
-66033.8
75628.5
37043.8
-59109.4
75623.6
-94522.4
34093.4
-16539
11738
-71922.4
-60379.7
44065
-99977.2
-39533.5
-70648.8
-81532.4
-62747.9
-30887.8
-20646.4
7763.36
44064.9
-99977.2
-39533.5
-70648.8
-81532.4
-62747.9
-30887.9
-20646.4
7763.27
37043.8
-59109.6
75623.6
-94522.5
34093.4
-16539
11738
-71922.6
-60379.6
37043.9
-59109.7
75623.7
-94522.5
34093.5
-16539
11737.9
-71922.6
-60380
93652.3
-37315.2
38464.5
75277.9
78921.3
-82991
-92189.2
-66033.9
75628.6
-15778.4
91577.9
6633.24
38375.3
-36896.8
37300.2
66925
-96342.5
50029
-15778.4
91577.8
6633.24
38375.6
-36896.8
37300.1
66925.2
-96342.4
50028.9
93652.3
-37315.2
38464.4
75277.9
78921.3
-82991.1
-92188.9
-66034
75628.5
37043.8
-59109.7
75623.3
-94522.4
34093.5
-16539.1
11737.8
-71922.7
-60379.8
37043.9
-59109.4
75623.5
-94522.4
34093.4
-16539.1
11737.8
-71922.5
-60379.7
-15778.3
91578
6633.01
38375.5
-36896.9
37300.1
66925.1
-96342.3
50028.9
-15778.5
91577.9
6633.2
38375.5
-36896.8
37300.2
66925.1
-96342.3
50028.8
37043.9
-59109.3
75623.7
-94522.4
34093.5
-16539.1
11738
-71922.6
-60379.9
37043.8
-59109.7
75623.5
-94522.5
34093.4
-16539.1
11738
-71922.6
-60379.7
44064.9
-99977.3
-39533.3
-70648.9
-81532.2
-62748.1
-30887.8
-20646.5
7763.31
93652.2
-37315.1
38464.4
75278.1
78921.3
-82991.1
-92189
-66034
75628.6
37044
-59109.4
75623.6
-94522.5
34093.4
-16539
11737.9
-71922.5
-60379.8
44064.9
-99977.1
-39533.4
-70648.9
-81532.2
-62747.8
-30888
-20646.6
7763.26
37043.9
-59109.3
75623.4
-94522.5
34093.6
-16539
11738
-71922.6
-60379.5
37044
-59109.5
75623.6
-94522.5
34093.6
-16539
11737.8
-71922.6
-60379.7
-15778.5
91577.9
6632.99
38375.5
-36897.1
37300.2
66925.1
-96342.6
50029
-15778.6
91577.9
6632.91
38375.5
-36896.8
37300.2
66925.2
-96342.3
50029
93652.5
-37315.4
38464.5
75277.8
78921.4
-82991.1
-92189
-66034.1
75628.6
-15778.5
91578
6633.2
38375.4
-36896.8
37300.3
66925.1
-96342.2
50029
-15778.6
91577.9
6633.16
38375.6
-36896.8
37300.2
66924.9
-96342.5
50028.8
93652.2
-37315.2
38464.6
75277.9
78921.2
-82991.3
-92189.1
-66033.9
75628.5
44065
-99977.2
-39533.6
-70648.7
-81532.2
-62747.9
-30887.9
-20646.4
7763.21
93652.4
-37315.2
38464.8
75277.8
78921.3
-82991
-92188.9
-66033.9
75628.5
44064.9
-99977
-39533.3
-70648.7
-81532.4
-62747.9
-30887.9
-20646.3
7763.39
44064.9
-99977.1
-39533.5
-70648.8
-81532.5
-62747.9
-30887.7
-20646.5
7763.2
-15778.6
91577.9
6633.08
38375.4
-36896.8
37300.1
66925.1
-96342.3
50028.9
-15778.4
91577.9
6633.07
38375.4
-36896.7
37300.2
66925.4
-96342.4
50029
37044.1
-59109.4
75623.4
-94522.6
34093.6
-16539.2
11738
-71922.7
-60379.7
93652.3
-37315.2
38464.5
75277.9
78921.4
-82991
-92189
-66033.8
75628.5
37043.9
-59109.5
75623.6
-94522.5
34093.5
-16539
11738
-71922.6
-60379.7
-15778.5
91578
6632.93
38375.4
-36897
37300.2
66925.1
-96342.4
50028.9
37043.9
-59109.5
75623.7
-94522.4
34093.3
-16539.2
11738.1
-71922.5
-60379.7
93652.3
-37315.2
38464.4
75277.7
78921.3
-82991.3
-92189.1
-66034
75628.7
37043.7
-59109.5
75623.6
-94522.5
34093.5
-16539
11737.9
-71922.6
-60379.8
37043.9
-59109.6
75623.4
-94522.4
34093.4
-16538.9
11738
-71922.6
-60379.8
37043.9
-59109.6
75623.6
-94522.5
34093.4
-16539
11737.8
-71922.8
-60379.7
-15778.3
91578
6633.14
38375.4
-36896.8
37300.3
66925.1
-96342.5
50028.9
93652.2
-37315.2
38464.6
75277.8
78921.2
-82991
-92189
-66034
75628.5
37043.9
-59109.7
75623.5
-94522.3
34093.7
-16538.9
11738.1
-71922.6
-60379.6
37043.9
-59109.5
75623.5
-94522.2
34093.4
-16539
11737.9
-71922.7
-60379.8
44064.8
-99976.9
-39533.5
-70648.7
-81532.4
-62748.1
-30887.8
-20646.5
7763.27
93652.2
-37315.1
38464.5
75277.7
78921.3
-82991
-92189.1
-66034.1
75628.7
37043.8
-59109.5
75623.6
-94522.5
34093.4
-16539
11738.1
-71922.6
-60379.9
37044.1
-59109.3
75623.4
-94522.5
34093.5
-16539
11738
-71922.8
-60379.8
37043.9
-59109.6
75623.5
-94522.4
34093.5
-16539.1
11737.9
-71922.6
-60379.7
93652.4
-37315.2
38464.5
75277.9
78921.4
-82991.2
-92189.1
-66033.9
75628.4
37043.9
-59109.5
75623.5
-94522.3
34093.4
-16539.2
11737.9
-71922.8
-60379.7
44065
-99977.1
-39533.5
-70648.7
-81532.3
-62747.9
-30887.8
-20646.4
7763.44
37044
-59109.5
75623.6
-94522.6
34093.7
-16539.1
11737.9
-71922.5
-60379.5
-15778.4
91578
6633.14
38375.3
-36897.1
37300
66925.1
-96342.3
50028.9
93652.3
-37315
38464.4
75277.7
78921.2
-82991.4
-92188.9
-66034
75628.6
37044
-59109.5
75623.6
-94522.4
34093.5
-16538.9
11738
-71922.6
-60379.8
37043.9
-59109.7
75623.5
-94522.7
34093.7
-16539.1
11738.1
-71922.7
-60379.7
44064.9
-99977.1
-39533.5
-70648.9
-81532.3
-62748
-30887.9
-20646.5
7763.28
93652.4
-37315.2
38464.4
75277.8
78921.2
-82991
-92189.2
-66033.7
75628.5
93652.4
-37315.2
38464.4
75277.8
78921.1
-82991.2
-92189.1
-66033.9
75628.3
37043.9
-59109.5
75623.4
-94522.4
34093.5
-16538.9
11738.1
-71922.4
-60379.8
93652.3
-37315.1
38464.4
75278
78921.2
-82991.1
-92188.9
-66033.8
75628.5
44064.9
-99977.1
-39533.5
-70648.8
-81532.4
-62748
-30887.7
-20646.5
7763.28
44064.7
-99977.3
-39533.6
-70648.9
-81532.1
-62748
-30888
-20646.4
7763.29
93652.4
-37315.2
38464.6
75278
78921.2
-82991.3
-92188.9
-66033.7
75628.5
44064.8
-99977.1
-39533.4
-70648.8
-81532.4
-62748.1
-30887.7
-20646.5
7763.29
37043.9
-59109.5
75623.6
-94522.4
34093.7
-16539
11737.9
-71922.6
-60379.6
37043.8
-59109.5
75623.5
-94522.7
34093.5
-16539
11737.8
-71922.8
-60379.7
-15778.4
91577.8
6633.24
38375.5
-36896.8
37300.2
66925.4
-96342.4
50029
44064.8
-99977.1
-39533.5
-70649
-81532.1
-62747.9
-30887.8
-20646.4
7763.28
-15778.4
91577.9
6632.97
38375.5
-36897
37300.3
66925.3
-96342.3
50028.9
44064.9
-99977.1
-39533.4
-70648.7
-81532.2
-62747.9
-30887.9
-20646.5
7763.29
93652.4
-37315.2
38464.5
75277.9
78921.4
-82991.2
-92189
-66033.7
75628.5
-15778.3
91578.1
6632.87
38375.4
-36896.9
37300.1
66925
-96342.4
50028.8
-15778.4
91577.7
6633.01
38375.4
-36896.9
37300
66925.1
-96342.4
50028.7
37043.8
-59109.6
75623.4
-94522.5
34093.6
-16539.2
11738
-71922.6
-60379.7
-15778.5
91577.7
6633.01
38375.4
-36896.9
37300.2
66925
-96342.2
50028.7
44064.9
-99977.1
-39533.4
-70648.8
-81532.1
-62748.1
-30887.8
-20646.6
7763.43
-15778.5
91577.9
6633.06
38375.4
-36896.9
37300.1
66925.1
-96342.4
50028.9
44065.1
-99977.2
-39533.4
-70648.7
-81532.3
-62747.9
-30887.8
-20646.3
7763.31
-15778.4
91578
6632.95
38375.4
-36896.9
37300.1
66925.2
-96342.2
50028.9
-15778.5
91577.8
6633.23
38375.4
-36897.2
37300.2
66925.1
-96342.4
50028.8
44064.9
-99977.1
-39533.5
-70648.8
-81532.5
-62747.8
-30887.8
-20646.4
7763.37
-15778.4
91577.9
6632.99
38375.4
-36896.7
37300.2
66925
-96342.3
50028.8
93652.2
-37315.2
38464.6
75277.9
78921.3
-82991.1
-92188.9
-66034
75628.5
37043.9
-59109.6
75623.4
-94522.6
34093.5
-16539
11738
-71922.5
-60379.6
37043.8
-59109.7
75623.4
-94522.5
34093.4
-16539
11737.9
-71922.6
-60379.9
44064.8
-99977.1
-39533.5
-70648.7
-81532.3
-62748
-30887.8
-20646.5
7763.37
93652.3
-37315.2
38464.4
75277.8
78921.2
-82991.1
-92189
-66034
75628.4
37043.7
-59109.6
75623.5
-94522.4
34093.8
-16538.9
11737.9
-71922.6
-60379.6
37044
-59109.6
75623.5
-94522.5
34093.4
-16539.1
11738
-71922.7
-60379.6
93652.3
-37315.1
38464.6
75277.7
78921.4
-82991
-92189
-66034
75628.5
93652.3
-37315.2
38464.3
75277.8
78921.3
-82991.2
-92189
-66034.1
75628.5
44064.8
-99977.1
-39533.5
-70648.8
-81532.3
-62747.9
-30887.8
-20646.7
7763.44
93652.4
-37315.1
38464.6
75277.9
78921.4
-82991.3
-92189.2
-66034
75628.5
-15778.4
91577.8
6633.11
38375.4
-36896.7
37300.4
66925.1
-96342.5
50029
37044
-59109.6
75623.4
-94522.5
34093.8
-16539.1
11738
-71922.6
-60379.7
37043.9
-59109.5
75623.6
-94522.5
34093.5
-16539.1
11737.8
-71922.6
-60379.6
37044
-59109.6
75623.5
-94522.4
34093.6
-16539.1
11738.3
-71922.3
-60379.7
37043.9
-59109.5
75623.6
-94522.4
34093.5
-16539
11738
-71922.6
-60379.6
93652.4
-37315.1
38464.5
75278
78921.4
-82991.2
-92188.9
-66034
75628.6
-15778.5
91577.9
6633.12
38375.5
-36896.9
37300.3
66925.2
-96342.3
50028.9
93652.3
-37315.3
38464.4
75277.7
78921.4
-82991.1
-92189
-66034
75628.6
44064.8
-99977.2
-39533.5
-70649
-81532.3
-62747.8
-30887.8
-20646.6
7763.45
44064.8
-99977.1
-39533.5
-70648.9
-81532.4
-62748
-30887.8
-20646.7
7763.38
93652.3
-37315.3
38464.4
75277.7
78921.4
-82991.2
-92188.9
-66033.8
75628.4
44064.8
-99977.2
-39533.4
-70648.8
-81532.2
-62747.8
-30887.9
-20646.5
7763.52
93652.2
-37315.1
38464.5
75277.7
78921.4
-82991.3
-92189
-66034
75628.6
37043.9
-59109.7
75623.5
-94522.5
34093.4
-16539.2
11738.1
-71922.6
-60379.8
37043.8
-59109.6
75623.3
-94522.5
34093.6
-16539
11737.9
-71922.6
-60379.7
-15778.4
91578
6633.1
38375.4
-36896.8
37300.3
66925.2
-96342.5
50028.9
-15778.5
91578
6633.22
38375.4
-36896.8
37300.4
66925.1
-96342.4
50028.8
44065
-99977.1
-39533.6
-70648.8
-81532.2
-62747.9
-30887.9
-20646.6
7763.36
-15778.4
91578
6633.08
38375.2
-36896.8
37300.3
66925.1
-96342.2
50028.9
37043.9
-59109.8
75623.7
-94522.5
34093.4
-16539
11737.9
-71922.6
-60379.8
37044.1
-59109.5
75623.4
-94522.4
34093.7
-16539.1
11738.1
-71922.7
-60379.8
-15778.4
91578.2
6633.06
38375.4
-36896.8
37300.2
66925.2
-96342.2
50028.8
-15778.5
91577.8
6632.88
38375.4
-36897
37300.1
66925.3
-96342.2
50028.8
93652.4
-37315.3
38464.6
75277.8
78921.3
-82991.1
-92189
-66034
75628.6
37043.9
-59109.5
75623.4
-94522.4
34093.4
-16538.9
11738
-71922.6
-60379.6
93652.4
-37315.3
38464.8
75277.9
78921.1
-82991
-92189
-66034
75628.6
93652.5
-37315.1
38464.6
75277.9
78921.3
-82991.2
-92189
-66033.9
75628.5
-15778.4
91577.7
6633.12
38375.4
-36896.9
37300.2
66924.9
-96342.4
50028.8
37043.8
-59109.5
75623.4
-94522.4
34093.5
-16538.9
11738
-71922.8
-60379.8
44064.8
-99977.2
-39533.5
-70648.9
-81532.3
-62748
-30887.8
-20646.6
7763.21
93652.4
-37315.1
38464.5
75277.7
78921.1
-82991.3
-92189.1
-66033.9
75628.5
-15778.3
91577.8
6633.18
38375.5
-36897
37300.1
66925.1
-96342.3
50028.9
44064.8
-99977.2
-39533.4
-70648.7
-81532.1
-62748
-30887.9
-20646.6
7763.45
37043.9
-59109.5
75623.6
-94522.3
34093.4
-16538.9
11738.1
-71922.6
-60379.7
93652.2
-37315.1
38464.5
75278
78921.2
-82991
-92189
-66033.8
75628.5
44064.9
-99977.2
-39533.5
-70648.9
-81532.2
-62747.8
-30887.8
-20646.5
7763.23
44064.9
-99976.9
-39533.5
-70648.7
-81532.2
-62748.1
-30888.1
-20646.4
7763.43
-15778.5
91577.9
6633.08
38375.3
-36896.8
37300.2
66925.4
-96342.4
50028.9
44065.1
-99977
-39533.4
-70648.9
-81532
-62748
-30887.9
-20646.4
7763.37
93652.3
-37315.2
38464.6
75278
78921.5
-82991.2
-92189.2
-66034
75628.6
44064.8
-99977.1
-39533.4
-70649
-81532.2
-62748
-30887.9
-20646.5
7763.21
93652.3
-37315.2
38464.5
75277.8
78921.2
-82991
-92188.8
-66033.8
75628.5
44064.8
-99977
-39533.4
-70649
-81532.2
-62747.9
-30887.8
-20646.5
7763.35
37043.8
-59109.5
75623.4
-94522.4
34093.5
-16539
11738
-71922.4
-60379.5
44064.9
-99977.1
-39533.4
-70648.9
-81532.3
-62748.1
-30887.8
-20646.4
7763.31
-15778.6
91577.9
6633.13
38375.4
-36896.7
37300.2
66925.1
-96342.3
50028.9
37043.9
-59109.6
75623.5
-94522.6
34093.5
-16539
11737.9
-71922.7
-60379.7
-15778.5
91577.9
6633.06
38375.5
-36896.8
37300.2
66925.1
-96342.3
50028.9
44064.8
-99977
-39533.3
-70648.9
-81532.2
-62748
-30887.9
-20646.4
7763.39
37043.8
-59109.4
75623.6
-94522.6
34093.4
-16538.9
11737.9
-71922.6
-60379.9
44064.8
-99977.3
-39533.4
-70648.8
-81532.1
-62748
-30887.9
-20646.5
7763.44
44064.7
-99977.2
-39533.4
-70648.8
-81532.5
-62748
-30887.7
-20646.5
7763.27
93652.3
-37315.1
38464.3
75277.9
78921.2
-82991.2
-92188.8
-66033.8
75628.5
93652.4
-37315.2
38464.4
75277.8
78921.4
-82991.2
-92188.9
-66033.9
75628.4
44064.9
-99977.1
-39533.5
-70648.8
-81532.3
-62748.1
-30887.9
-20646.3
7763.35
93652.2
-37315.2
38464.5
75277.8
78921.3
-82991.2
-92189.1
-66034.1
75628.3
-15778.5
91577.9
6633.07
38375.3
-36897.1
37300.2
66925.3
-96342.3
50028.9
-15778.5
91577.8
6632.95
38375.4
-36896.9
37300.1
66925.2
-96342.4
50029
44065
-99977.2
-39533.6
-70648.7
-81532.2
-62747.8
-30887.9
-20646.8
7763.4
93652.3
-37315.1
38464.5
75277.9
78921.4
-82990.9
-92189.2
-66034
75628.5
93652.1
-37315.2
38464.3
75277.6
78921.3
-82991
-92189.1
-66033.8
75628.5
93652.4
-37315.1
38464.5
75277.7
78921
-82991.2
-92189
-66034
75628.5
37043.9
-59109.6
75623.4
-94522.6
34093.4
-16539
11737.8
-71922.6
-60379.8
37043.9
-59109.6
75623.5
-94522.5
34093.7
-16539
11737.9
-71922.7
-60379.7
44064.9
-99977.3
-39533.5
-70649
-81532.3
-62747.9
-30887.9
-20646.4
7763.39
93652.5
-37315.2
38464.5
75278
78921.3
-82991.1
-92189.1
-66033.8
75628.3
93652.3
-37315
38464.6
75277.7
78921.5
-82991.2
-92189.1
-66033.8
75628.6
37043.8
-59109.5
75623.5
-94522.5
34093.5
-16538.8
11738
-71922.6
-60379.8
44064.8
-99977
-39533.5
-70648.8
-81532.3
-62747.9
-30887.9
-20646.7
7763.39
93652.4
-37315.1
38464.6
75277.7
78921.3
-82991.1
-92189
-66033.8
75628.4
-15778.5
91578
6633.08
38375.4
-36896.9
37300.4
66925
-96342.4
50028.8
44064.9
-99977.2
-39533.6
-70649
-81532.3
-62748.1
-30887.9
-20646.5
7763.41
-15778.7
91578.1
6633.04
38375.5
-36896.8
37300.4
66925.1
-96342.4
50029
37043.9
-59109.5
75623.5
-94522.6
34093.6
-16539
11738.1
-71922.7
-60379.7
44064.7
-99977.2
-39533.4
-70648.8
-81532.2
-62748
-30887.9
-20646.5
7763.39
37043.9
-59109.6
75623.5
-94522.6
34093.5
-16538.9
11737.8
-71922.5
-60379.7
-15778.5
91578
6632.83
38375.4
-36896.9
37300.2
66925.3
-96342.5
50028.7
44064.9
-99977.1
-39533.4
-70648.7
-81532.1
-62747.9
-30888
-20646.6
7763.48
93652.3
-37315.2
38464.8
75277.8
78921.2
-82991.1
-92189.2
-66033.9
75628.5
37043.9
-59109.4
75623.7
-94522.6
34093.6
-16539.2
11738
-71922.7
-60379.7
-15778.3
91577.8
6633.03
38375.3
-36896.8
37300.3
66925.2
-96342.3
50028.9
-15778.3
91578
6633.21
38375.4
-36897
37300.3
66925.3
-96342.4
50029
-15778.3
91577.8
6632.87
38375.4
-36896.8
37300.2
66925.2
-96342.3
50028.8
93652.4
-37315.3
38464.5
75277.8
78921.4
-82991.2
-92189.2
-66033.9
75628.5
93652.2
-37315.3
38464.4
75277.9
78921.2
-82991.1
-92189
-66033.8
75628.5
-15778.5
91578
6633.24
38375.4
-36896.9
37300.1
66925.3
-96342.4
50029.1
93652.3
-37315.2
38464.4
75277.8
78921.3
-82991.3
-92189
-66033.9
75628.6
-15778.6
91577.9
6633
38375.4
-36896.9
37300.1
66925.2
-96342.5
50028.8
93652.3
-37315.3
38464.6
75277.9
78921.3
-82991.2
-92189.1
-66033.8
75628.6
-15778.6
91577.9
6632.89
38375.4
-36896.9
37300.2
66925.3
-96342.3
50029.1
37043.9
-59109.6
75623.6
-94522.5
34093.5
-16539
11737.9
-71922.6
-60379.7
37044
-59109.6
75623.5
-94522.6
34093.3
-16538.9
11738.1
-71922.5
-60379.6
44064.8
-99977.1
-39533.4
-70648.7
-81532.6
-62748.1
-30887.7
-20646.5
7763.33
37043.8
-59109.6
75623.6
-94522.5
34093.7
-16539
11737.9
-71922.8
-60379.7
44064.9
-99977
-39533.6
-70649
-81532.3
-62748
-30887.9
-20646.4
7763.36
93652.2
-37315.2
38464.5
75277.7
78921.1
-82991.2
-92189.2
-66033.9
75628.7
-15778.5
91577.9
6632.95
38375.5
-36896.8
37300.1
66925.2
-96342.3
50028.7
44064.7
-99977.1
-39533.5
-70649
-81532.3
-62748
-30887.8
-20646.4
7763.36
37043.9
-59109.5
75623.4
-94522.7
34093.5
-16538.9
11738
-71922.7
-60379.7
37043.8
-59109.6
75623.4
-94522.4
34093.4
-16539
11738
-71922.7
-60379.7
93652.4
-37315
38464.7
75277.9
78921.4
-82991.2
-92189
-66033.9
75628.4
93652.4
-37315.1
38464.6
75277.8
78921.3
-82991.2
-92189
-66033.7
75628.4
93652.3
-37315.1
38464.7
75277.9
78921.4
-82991.1
-92189.2
-66034
75628.6
-15778.5
91577.8
6632.96
38375.5
-36896.9
37300.2
66925.2
-96342.4
50028.8
37044
-59109.6
75623.4
-94522.5
34093.6
-16539.3
11737.9
-71922.6
-60379.7
44064.9
-99977.2
-39533.6
-70648.8
-81532.5
-62747.9
-30888
-20646.5
7763.4
44064.9
-99977.2
-39533.4
-70648.8
-81532.3
-62747.9
-30887.8
-20646.7
7763.26
44064.9
-99976.9
-39533.5
-70649
-81532.1
-62748
-30887.9
-20646.3
7763.49
44065
-99977.2
-39533.6
-70648.9
-81532.4
-62748
-30888
-20646.6
7763.38
93652.4
-37315
38464.5
75277.8
78921.2
-82991.1
-92188.9
-66033.9
75628.4
44065
-99977.1
-39533.4
-70648.8
-81532
-62747.8
-30887.7
-20646.4
7763.35
37043.8
-59109.4
75623.5
-94522.4
34093.5
-16539.1
11737.9
-71922.5
-60379.5
37043.8
-59109.5
75623.4
-94522.4
34093.4
-16539.1
11737.9
-71922.5
-60379.8
93652.4
-37315.1
38464.5
75277.8
78921.2
-82991.1
-92188.9
-66033.9
75628.5
37043.9
-59109.6
75623.4
-94522.4
34093.5
-16538.9
11738.1
-71922.5
-60379.7
93652.3
-37315.1
38464.4
75277.8
78921.2
-82991.1
-92189
-66034
75628.5
37044
-59109.4
75623.4
-94522.3
34093.5
-16539
11738
-71922.6
-60379.9
44064.8
-99977
-39533.2
-70648.6
-81532.2
-62747.8
-30887.9
-20646.4
7763.22
37043.8
-59109.5
75623.5
-94522.6
34093.6
-16539
11737.9
-71922.4
-60379.7
37044
-59109.4
75623.4
-94522.5
34093.5
-16539.1
11738
-71922.5
-60379.7
44064.9
-99977.1
-39533.5
-70648.7
-81532.1
-62747.8
-30888
-20646.5
7763.26
93652.2
-37315.1
38464.6
75277.8
78921.5
-82991.1
-92189.2
-66034.1
75628.6
-15778.6
91578
6633.01
38375.3
-36896.9
37299.8
66925
-96342.2
50028.9
-15778.3
91577.9
6633.18
38375.4
-36896.9
37300.1
66925.4
-96342.2
50028.7
-15778.4
91578
6633.4
38375.5
-36896.9
37300.1
66925.1
-96342.3
50028.9
37044.1
-59109.7
75623.6
-94522.4
34093.6
-16539.1
11737.9
-71922.4
-60379.6
44064.9
-99977.2
-39533.3
-70648.8
-81532.1
-62748
-30888
-20646.5
7763.29
-15778.4
91578.1
6632.99
38375.6
-36896.7
37300.3
66925
-96342.3
50028.8
-15778.6
91577.8
6633.09
38375.4
-36896.9
37300.2
66925.1
-96342.3
50029
44064.9
-99977.1
-39533.6
-70648.8
-81532.4
-62748.2
-30887.8
-20646.3
7763.58
37043.9
-59109.3
75623.3
-94522.5
34093.6
-16539.1
11737.9
-71922.5
-60379.7
93652.2
-37315.2
38464.6
75277.7
78921.3
-82991.3
-92188.8
-66033.6
75628.5
93652.3
-37315.3
38464.5
75277.8
78921.3
-82991.2
-92189.1
-66033.9
75628.4
44064.9
-99977.1
-39533.6
-70649
-81532.4
-62748
-30887.9
-20646.5
7763.3
37043.8
-59109.7
75623.4
-94522.4
34093.3
-16538.9
11737.9
-71922.7
-60379.8
37043.8
-59109.4
75623.5
-94522.3
34093.5
-16538.8
11738
-71922.6
-60379.8
37043.7
-59109.6
75623.4
-94522.4
34093.5
-16539
11738.1
-71922.6
-60379.8
93652.5
-37315.3
38464.5
75277.8
78921.4
-82991.2
-92189
-66034.1
75628.5
-15778.2
91578
6633.05
38375.4
-36896.9
37300.1
66925.2
-96342.4
50028.8
44064.9
-99977.1
-39533.4
-70648.8
-81532.2
-62748
-30888.1
-20646.4
7763.57
93652.2
-37315.1
38464.5
75277.9
78921.5
-82991.3
-92189.2
-66033.9
75628.5
93652.2
-37315.1
38464.4
75277.8
78921.3
-82991.2
-92188.8
-66033.9
75628.5
37043.8
-59109.6
75623.5
-94522.4
34093.4
-16539.1
11737.8
-71922.7
-60379.7
93652.2
-37315.3
38464.5
75277.8
78921.3
-82991.1
-92189.1
-66034
75628.6
44064.9
-99977.2
-39533.3
-70648.8
-81532.3
-62748
-30888
-20646.4
7763.44
44065
-99977
-39533.4
-70648.8
-81532.2
-62748
-30887.7
-20646.5
7763.32
37043.8
-59109.5
75623.4
-94522.5
34093.3
-16539
11738.1
-71922.7
-60379.7
-15778.5
91578
6633.1
38375.5
-36897.1
37300.1
66925.2
-96342.3
50029
93652.4
-37315.2
38464.6
75277.9
78921.3
-82991.2
-92189
-66033.9
75628.4
37044
-59109.5
75623.6
-94522.4
34093.4
-16539.1
11737.9
-71922.4
-60379.6
44064.9
-99977.2
-39533.6
-70648.8
-81532.3
-62747.8
-30887.8
-20646.6
7763.34
93652.2
-37315
38464.6
75277.9
78921.2
-82991.4
-92189.1
-66033.9
75628.5
93652.4
-37315.3
38464.6
75277.8
78921.2
-82991.1
-92189
-66034
75628.6
-15778.4
91578.1
6633.23
38375.5
-36896.7
37300.2
66925.1
-96342.4
50028.7
-15778.6
91578
6633.14
38375.4
-36897
37300.2
66925.1
-96342.3
50028.8
44064.8
-99976.9
-39533.5
-70648.9
-81532.3
-62747.8
-30887.8
-20646.4
7763.34
44064.9
-99977.3
-39533.4
-70648.9
-81532.4
-62748
-30888.1
-20646.5
7763.36
93652.4
-37315.1
38464.5
75277.8
78921.5
-82991.1
-92189.2
-66033.9
75628.5
44065
-99977.3
-39533.4
-70648.8
-81532.1
-62748.1
-30887.8
-20646.5
7763.47
93652.3
-37315.2
38464.6
75277.8
78921.3
-82991.2
-92189.1
-66033.7
75628.4
-15778.4
91577.8
6632.84
38375.4
-36896.8
37300.3
66925.1
-96342.3
50028.9
-15778.5
91577.8
6632.86
38375.3
-36896.9
37300.2
66925
-96342.3
50028.7
93652.5
-37315
38464.5
75277.8
78921.4
-82991.2
-92189
-66033.9
75628.4
-15778.6
91577.9
6633.17
38375.6
-36896.8
37300.3
66925.1
-96342.5
50028.9
-15778.4
91578
6633.11
38375.4
-36896.9
37300.2
66925.3
-96342.3
50029
44064.8
-99977.3
-39533.3
-70648.8
-81532.3
-62747.9
-30887.9
-20646.4
7763.2
44065
-99977.1
-39533.5
-70648.7
-81532.3
-62747.8
-30887.8
-20646.3
7763.36
93652.4
-37315
38464.7
75278
78921.3
-82991.1
-92189.1
-66033.9
75628.5
44064.8
-99977.3
-39533.7
-70649.1
-81532.5
-62748
-30887.7
-20646.5
7763.38
93652.4
-37315.1
38464.6
75277.8
78921.3
-82991.2
-92189
-66034
75628.5
44064.8
-99977
-39533.4
-70648.7
-81532.1
-62747.9
-30887.9
-20646.5
7763.16
-15778.5
91577.9
6633.11
38375.4
-36896.9
37300.1
66925.1
-96342.4
50028.8
93652.4
-37315.3
38464.8
75278
78921.6
-82991
-92188.9
-66033.9
75628.4
-15778.5
91578
6633.01
38375.4
-36896.8
37300.3
66925.1
-96342.3
50028.8
-15778.5
91578
6633.12
38375.3
-36896.9
37300.1
66925
-96342.3
50029
93652.3
-37315.3
38464.4
75277.9
78921.3
-82991.1
-92189.1
-66034
75628.5
-15778.7
91577.8
6633.01
38375.4
-36896.8
37300.3
66925
-96342.5
50028.9
44064.9
-99977
-39533.6
-70648.9
-81532.4
-62747.9
-30887.7
-20646.4
7763.42
-15778.5
91578.1
6633.16
38375.4
-36896.9
37300.2
66925.3
-96342.3
50028.9
-15778.4
91577.7
6633.2
38375.3
-36896.8
37300.1
66925.3
-96342.4
50028.9
-15778.5
91577.9
6632.89
38375.6
-36896.8
37300.3
66925
-96342.3
50028.9
93652.4
-37315.2
38464.5
75277.8
78921.5
-82991.2
-92189
-66034
75628.6
44065
-99977
-39533.5
-70648.9
-81532.3
-62748.1
-30887.8
-20646.6
7763.32
37043.9
-59109.5
75623.4
-94522.5
34093.4
-16539
11737.9
-71922.6
-60379.7
44064.9
-99977.3
-39533.6
-70648.8
-81532.2
-62748
-30887.6
-20646.3
7763.34
-15778.5
91577.9
6633.07
38375.5
-36897
37300.1
66925.1
-96342.4
50028.9
-15778.5
91578.1
6632.89
38375.4
-36896.8
37300.3
66925.1
-96342.1
50028.8
37044.1
-59109.6
75623.5
-94522.5
34093.5
-16539
11738.1
-71922.6
-60379.7
37043.8
-59109.6
75623.5
-94522.4
34093.5
-16539
11737.9
-71922.7
-60379.6
37043.8
-59109.5
75623.5
-94522.5
34093.6
-16538.9
11738
-71922.8
-60379.8
